100
263.75149 2.08071 1137.81284
137.18805 3.78572 717.83902
493.18334 1.01227 1930.54445
494.51654 1.45670 1937.97325
330.531 3.09 636.0
490.03034 1.26961 1921.34183
254.0 1.0 814.0
371.30354 2.90165 1152.53841
322.0 4.0 1556.0
381.0 1.0 644.0
9.98322 1.87625 431.95687
9.0 2.4379 1393.0
155.0 1.0 338.0
490.14213 1.49593 1909.01441
494.25520 1.02189 1903.59876
1.09575 3.10222 1999.43738
394.00000 3.00000 428.00000
494.53067 1.17114 1995.51363
287.00000 1.00000 299.00000
168.70010 2.13366 1829.31042
498.03043 1.09772 1989.43730
190.89539 3.0 1.0000
491.98757 1.42324 1945.25428
496.82516 1.41361 1959.77186
63.39559 1.49571 1842.17976
358.983 1.0 1822.030
492.24282 1.46743 1937.50154
496.08153 1.49621 1972.87745
354.00000 2.00000 708.00000
1.08296 3.07414 1999.80058
490.26272 1.00459 1949.72393
496.31977 1.09090 1944.01453
338.6 1.0 1708.079
490.99800 1.46490 1995.62635
497.41316 1.48755 1954.65189
317.0 2.0 470.0
388.00000 3.00000 407.00000
479.0 3.0 2000.0
452.00000 2.00000 904.00000
95.0 1.0 1510.0
26.66557 1.74717 1342.78033
498.57465 1.37538 1921.13385
22.0 2.93 460.87035
78.0 3.0 693.0
491.91242 1.10079 1973.40989
202.3215 2.16853 2000.00000
426.83079 3.43655 613.98465
460.0 3.0 257.0
77.745 3.0 1857.1
293.743 3.0 114.38282
323.0 2.0 328.0
70.089 4.000 809.0
492.99464 1.17258 1914.54258
491.34876 1.08505 1930.44983
89.84337 2.31161 93.95640
494.87391 2.07647 528.67301
1.0 1.404 21.35
144.0 2.0 706.0
496.03420 1.47994 1977.78396
150.96 1.068 51.49343
491.37724 1.24332 1967.17381
1.06497 3.84203 3.75162
230.4 2.0 1747.775
127.00000 2.00000 254.00000
1.06960 3.19881 1999.39073
498.57879 1.47810 1907.92002
276.00000 4.00000 309.00000
330.0 2.0 723.0
490.23188 1.32923 1942.02683
492.52290 1.31566 1971.43290
1.09277 3.93737 1999.64386
399.07746 3.64113 274.19499
203.44072 1.47954 82.03701
185.22847 2.0 1892.0578
498.06928 1.36503 1994.61616
54.0 2.6 1434.5188
494.11450 1.15918 1941.44251
496.56694 1.17097 1949.49984
494.81161 1.00637 1912.22850
500.00000 1.74 1470.1
402.47751 3.0 432.19417
421.00000 2.00000 842.00000
275.26707 1.50991 1593.26642
498.26026 1.22114 1960.02560
29.88726 2.42925 1640.52464
496.24611 1.46613 1999.89147
356.0 1.473 1891.52439
492.51624 1.49411 1972.82135
201.29370 1.09342 1211.27992
496.54501 1.00648 1924.61204
302.0 1.0 1748.0
498.65028 1.47698 1931.01136
173.47391 2.05269 1033.34904
68.46529 2.55358 1341.57569
296.066 2.261 5.3
495.75793 1.10014 1970.37884
494.89375 1.08320 1912.42144
336.59058 3.16078 1297.44382
33.60025 3.93422 1943.06387
268.74033 1.49318 1492.82873
