100
1 2
00
10
10 10
0001000101 1000101111 1010111100 1001001000 0111111001 0110010011 0101000011 1110111010 0101100110 1010010100
0101011010 1010101000 0001111001 1001110100 0110101111 1110000110 1010000000 0111000101 0101111111 1000010011
10 10
0000110100 0010110111 1100001111 0110111011 0111000000 0010111100 1101010001 1101000001 1001001010 1011101110
1111010011 0010000110 1001111100 1001101100 0110001010 0110000001 1101110111 1000110010 0100001001 0011111101
3 5
00000 01101 11100
10000 11101 01100
10 10
1001011101 1110001100 0010001100 1100110001 0011100010 1000101001 1100010110 0101110010 0111010011 0011101111
1010111001 1010110100 1110000101 0111011010 0101100111 0001111111 0101000000 0000001011 1100100100 1011011010
2 10
1000011111 1010011111
0010111011 0000111011
1 6
010000
000001
4 10
1100100100 1001010011 0010100000 1110000000
0111001000 0110000111 1001011010 0100110100
2 8
01101100 10001000
00110010 11010110
10 10
1011001100 0011011000 1111010111 0010000111 1100101011 1101010101 0010111000 0001100011 1100110010 0100101100
1000001011 0100111101 1011010000 1101000100 1010110000 0010100100 0101011010 1011101111 0110111111 0101000011
2 6
100010 010001
011101 101110
10 5
10100 11110 11111 01100 10000 11100 00110 11101 01101 00011
11100 10111 00100 00110 01010 10110 00101 01110 11001 00111
3 2
11 10 01
01 00 11
5 10
1100110100 1000000000 1110101001 0011100111 0101011010
1010011011 1000111110 1100101110 1101001111 1110001010
10 10
1001111010 0110101000 1111101101 0010011010 1000100011 0101010101 0010000100 0111010101 1101001111 1000110010
0010011100 1010100100 1100110011 1000000110 1101111011 1101101010 0111001101 0011100001 0111010011 0000011100
2 4
1010 1011
1000 1001
10 10
0100111010 0011011110 0001010000 0010000100 1001110011 0011100111 1110111110 1110101101 1101001001 1100000001
0111000100 0101110011 1001101010 1010011101 1101010000 1000100010 1010001110 0110100111 0111111101 0000011001
3 5
00011 11101 01100
01010 10100 00101
10 10
1100010001 0001011010 1010001100 1110100011 0100111101 1101111100 1010110101 0111000011 0001101110 0011000010
1111000001 0100101110 1001100101 0100011010 0010110111 1000001000 0110110110 1111111000 1011010111 0001001001
8 8
00000101 00101000 00111001 11001010 00000010 10101110 01001100 00110111
10011010 01011000 00110110 10110010 11010110 01111111 01011110 10100011
6 7
1110110 1010111 1001110 1111111 1001100 0000110
0010110 1011110 1100110 1101111 1000111 1011100
10 10
1100101010 0000000101 0111010010 1011110111 1011001000 1001100001 0110111101 0101111111 1110001100 0000010010
0111100000 1100010011 0000001101 1110111110 0101000110 1001111110 0010100100 1111010001 1001101001 0010011011
10 10
1001100010 1110100101 0001010101 0110001001 0010011010 1111101100 0111111001 1001010111 1100100110 0000011010
0001011010 0110111001 0100111001 1000000110 1111110100 0000101010 0111110110 1111000001 1010000101 1001001111
8 10
1000100100 0000001010 0001010010 0111000101 1000010111 1100010000 0010010011 1010011010
0100001111 1101010111 0101111010 1001101011 0101100001 1010110111 1000001111 1100010101
2 5
10001 10111
11001 01101
4 7
1010111 1111001 0100111 0000001
0101010 1110100 0001100 1011010
10 10
0011110100 1101010111 1100011101 0111001010 1111110001 1000001000 0100111010 1011100100 0000001111 0010100011
0110100010 1101011110 1001001011 0001101100 0010011100 1010100111 0111110101 0101011001 1110110010 1000000001
1 3
010
000
2 9
110111101 010001001
011100000 110111011
5 9
100010001 100000111 111000001 001000100 101101010
111100100 001011011 100100111 101100001 001001110
10 10
1001101011 0001001111 1001000011 0110110000 0010101001 0000010011 0111100100 1110011100 1100110110 1111011100
0000010111 1000101111 1011000101 0111100000 1110011000 0001000011 0110111100 1001101111 0101011010 1110110000
10 10
1011000111 1110000010 1110000001 0001110110 0101111111 0010001000 1001100100 1010011011 0100111001 0101111100
0010101101 1101010011 0011101000 0111100010 0011101011 0100011100 1111110000 1000010101 1000010110 1100001111
4 9
010010111 101001100 010010110 101001101
101001000 101001001 010010010 010010011
5 5
00001 10101 11110 00100 10001
11101 01100 01000 00111 11000
10 10
1011000100 1111111101 0110001101 1010001110 0101110010 0000100101 0000011010 1101111001 1111000011 0000110010
1101111011 0010011101 1001111100 1111000001 0010001010 0010100010 1101000101 0111001010 1000110110 0100110101
7 9
010000101 100110110 011010010 001111101 010111111 100011010 111111101
111110001 101000001 001010110 110110010 000101011 110000110 100111000
4 3
011 100 000 111
101 110 010 001
7 9
111100011 001100001 110110011 101001001 011100001 011000100 000111001
000101011 011110011 000001110 110000011 100101001 101111001 010101011
8 8
00010101 10101010 01110000 10110000 00001111 11110100 11101110 01101010
11010100 00001110 11001110 01110001 01101011 00010100 10001010 10010000
10 10
1111100110 0011010001 1011101101 1000000101 0100111111 1010001010 0000101010 0100110000 1101010000 0111011111
1010011101 0110100111 0001000100 1110001000 1001111101 1101110011 0011110010 1010010010 0100101000 0101001111
8 7
1000110 1000010 1000000 1000100 1010010 1010000 0101110 0101100
0111000 1000100 1010000 1010010 1000110 0111010 1010110 1010100
10 10
1111000101 0001111010 1010011010 1011100001 0110010101 0110110110 1101001010 1001111011 0100001101 0000100100
1001011000 0110110100 1000100011 1101111100 0100101100 0011000011 0010011101 1011000010 0100001111 1111110011
6 4
0000 1110 1010 0100 1001 1101
0010 1011 0110 0001 0101 1111
8 7
1011010 1100010 1100101 0100100 0011010 1011101 0011100 0100010
1100110 0011111 1100001 1011001 1011110 0100111 0011001 0100001
8 5
10000 01111 11010 01110 10010 00110 00111 11000
10011 11011 01111 01110 00110 10001 00111 11001
6 8
00001100 10101111 01001111 11010000 11000110 10101000
00111001 10101001 11101101 10001110 00111011 00111101
3 8
10110110 10001100 00001001
01101000 01111100 00101000
4 6
100010 000011 111010 011011
000110 011110 111111 100111
1 4
0001
0010
4 3
000 110 100 011
110 101 010 000
10 10
1110011000 0010110011 0111001000 0101100011 1011011101 0011100101 1100010010 0000010101 1100101110 1001101110
0100000011 1000111000 0011110000 1101001110 1011001000 0001000011 0100111111 1010011110 0110110101 1111100101
4 6
000010 100111 110100 111001
111110 111111 100011 010110
6 10
1000001101 1111001101 0110000111 1111100011 1110000000 1100010010
0110111101 0010100010 0000110000 0001010011 1000110111 0001111101
2 6
011110 111111
000111 100110
1 4
0101
0001
10 10
0010111000 0011110100 1100001001 1000001101 0110000011 1011100110 0001101101 1101010010 1100111111 0111010010
0001001101 1010110100 0101001001 0101111111 0010100110 1011111000 1111000011 1110010010 0100010010 1000101101
2 8
01011011 11011001
10000000 00000010
10 10
0111100010 1001101010 0110010100 1010010101 1111010111 1100110001 1000001101 0101101011 0000011000 0011101110
1110111101 1000111000 0100000001 1011001110 0010111100 1100110100 0011011011 1101000010 0111100111 0001000011
8 6
000111 101110 001111 101001 100110 111010 110010 100001
000110 101000 100000 001001 010101 000001 011101 001110
10 10
1010101100 1100010101 0001010011 0100001100 1111111010 1111000111 1010101000 0011111111 0100110010 0001000001
1100001101 0101011110 1110100001 0000001000 1011000000 0000110101 1011111110 0101011010 0011100111 1110110011
10 10
0011000100 1001101100 1111001010 1001010001 0100110001 1110100111 0110111111 1110101110 0000010010 0001011001
1001001110 0111110010 1111100011 0000001101 1010011000 0110010110 0111111011 1000000101 0000110000 1101101101
8 5
01110 11100 00100 10100 00111 10000 00101 11101
00011 01011 01010 10011 11001 10000 10010 00111
10 10
1011010100 1100000100 1000111101 0111101011 1101101011 0011111000 0010000110 1101010010 0000001011 0110110101
1011110111 1110011010 0001001100 1010001001 0100100011 0010100101 0101110101 1111000100 0100011010 1001111010
10 10
0010100100 1000010000 0011110101 1111111110 1111011111 1101001010 1100011001 0001000100 0010101011 0100100011
1000010001 0000101011 1100011000 1001000010 0110101100 0110100011 0111111101 1011110110 0101001100 1011010111
4 9
000101100 111000011 000111101 100100111
010110010 110111001 101011101 010100011
6 8
01111111 11110000 00101101 11001101 00001010 01111010
10010010 00101101 11000001 01011101 10000001 00111001
10 10
0101101101 1001001001 1100100101 1100000110 0010011000 0111110001 1011011110 1011100110 0010011010 0100110011
0011001011 0010010101 1100011110 1110110001 1100100110 1011111110 0101100000 0000001001 0101100010 1011011101
1 3
110
101
1 10
1000010111
1110001101
8 7
0100001 0111101 1110010 0100010 1111111 0000101 1110111 0001111
0100011 1010100 0100110 1101100 1110011 1110000 1011110 0101110
6 4
1010 1000 1110 1100 0000 0100
1001 1101 1011 0001 0101 1111
10 10
1100001011 1010110000 0011101110 0110100100 0101001101 0010010010 1101110110 1000001101 0001111001 1111010011
0001111011 0011000110 1000001111 1010011000 0110100101 0100000000 1100111011 0101111101 1111010010 1011100100
10 10
0101111000 1001000111 1010001111 1110011001 0110111100 1100100110 0100001100 1011010011 0011100000 0001110011
1000010001 1100000111 0110010010 0001111110 0111100110 1110111000 0100100010 1011011001 1001001101 0011101101
10 10
1000110010 0111111101 1001001011 0111101110 1101100111 0010011101 0001110000 1010010110 1110000000 0100001001
1101011001 1000111001 0110001111 0111110110 0010100011 0001000100 1110110100 0101010010 1011001101 1000101010
10 10
0011011110 1011011001 0100011010 1011100001 0001100000 1100110101 0100101011 1100100110 0011000110 1110011101
1011010000 1001111000 0110000101 0011111111 1100000100 0100100011 1100111100 1011000011 0011001110 0100111011
10 10
1000101010 0011111110 1001101000 1001100000 1111111101 0011001110 1010100101 0000010001 0101101011 0010101000
1101010101 0001010110 1010010110 0010011011 0001011110 1000101111 1011000000 1011110000 0111000011 0000010100
1 4
1011
1110
10 10
1001101101 1111011111 1100011110 1110100111 1101001000 0000100010 0011110011 0001011000 0110010101 0010100000
1001101100 1011000111 0100111000 1100001010 1000111111 0110000001 0111010111 0011110010 0101000000 1010111101
10 10
0101110110 1111001000 0110101010 1000001011 1011111011 1101010100 1110101101 0010110101 0000000011 0001010100
1011011000 0011111010 0100111001 0110001111 1110000111 0111011000 1001000100 1101110111 0000100110 1000100001
10 10
1110111011 0010001001 1010111100 0101010111 1001100101 0101110010 1111001101 1000010110 0010000010 0101101000
0010010110 0101101101 1111010010 1110100100 1000001001 1001111010 0010011101 0101001000 0101110111 1010100011
10 10
1111011000 0001001011 1101000010 1010110101 0111011110 0000110111 0110100001 0101111100 1010101000 1000000111
0000111011 1001110111 0110101110 1100110010 0001000111 0100001100 1011000101 1011011000 1110101000 0111010001
10 10
0010010001 1000101000 0111011011 0110100100 1101101111 0111111010 0100000110 1011010100 1000100001 1001011111
1100101000 1111011101 0001011000 1111010100 0011111010 1010010011 0000100111 0101101101 1110100011 0000000110
7 8
11010111 11101100 00100000 01010101 01111101 01011100 11000000
01000100 11010101 01111111 10001000 01101000 11111101 11110100
1 5
01000
11001
10 10
1011000010 1110111011 1101010110 0001101011 0100010001 0111100000 0000101110 0010011101 1001110100 1110001101
0100111111 0111010010 0000011101 1000000010 1110001001 1011110100 1101111000 0010101011 0111100100 1001000111
2 8
10101000 10010010
01101000 01010010
6 9
011101001 000101111 101101100 001101111 100000110 100100100
100000001 100010000 010101110 001101000 011101111 100110101
8 6
111001 000101 110110 010010 111101 110000 101111 111110
100011 101011 100100 101101 011000 110010 001111 100000
7 4
0011 1010 1100 1110 1111 0110 0000
0111 1110 0010 0001 1011 1101 1111
10 10
1110100001 1000000100 1100010010 0100011011 0100001111 0111010010 1001101100 0011101001 0011111110 1011110101
1011111011 0110011000 0001111110 1010010011 1100110110 0001101001 1001100010 0101000101 0110001100 1110000101
4 6
100001 010111 101101 010110
010010 101000 100100 010011
10 10
1101100110 0000101001 0010001110 1101010000 0111000011 0000111101 1011111010 1110001001 0001110110 1110010101
0000001011 1001011101 0110111110 1001000001 0111100001 0101000110 1010101110 1100110010 0111110101 1010011000
6 3
001 100 110 101 000 111
000 111 011 110 010 001
10 10
0001101010 0100010000 0100011100 1010100111 1111011110 0011111011 1011110010 0110000101 1000100001 1101001101
1101100000 1111111001 1111110101 1010001111 0100111011 0110101000 0011000100 0000010111 0001000010 1000011110
2 6
100001 100010
001010 001001
10 10
0010110010 0010100010 0101111001 1110011110 1111110011 0101000111 1100001001 0001100101 1011001100 1000011100
0110101101 0001110110 1100010011 0110111101 1010010001 1000000110 1011111100 0101101010 0001001000 1111000011
10 10
1110011001 1111000110 1100111001 1101001110 0001111111 0001000111 0011000001 1000111000 0110110110 0010100000
0110110110 1100101110 0010110111 0001001000 1111110001 1101001111 0000010111 0011000000 1000111000 1111001001
8 9
010010110 000000100 001110011 110011110 111011001 101111011 011010001 100001100
100111001 000110001 111011100 011010100 010100011 110101011 101111110 001110110
8 9
101110111 000101001 101000110 101110011 101000010 110011010 110011110 000101101
000110011 110000000 101011100 101101001 110000100 101101101 000110111 101011000
4 7
1011010 1001011 1001010 1110101
1110111 1100110 1100111 1011000
