100
5 2 5
4 5 4
528 346 701
859 792 862
216 634 71
890 740 942
103 728 691
4 1 1
631 175 635
1 4 3
2 1 1
541 521 333
7 8 5
361 925 145
215 663 68
3 2 2
313 895 148
4 3 2
722 917 942
103 143 88
3 3 3
404 977 943
1000 1000 1
921 328 4
513 513 512
2 4 2
87 942 568
445 715 440
512 512 256
344 814 75
762 778 497
326 369 876
386 301 807
4 5 2
1 1 1
513 513 1
955 770 6
206 406 900
595 507 132
30 173 829
661 441 17
512 512 1
2 4 2
377 931 377
509 326 205
45 56 35
2 2 2
445 829 995
61 38 728
3 4 2
770 404 967
513 513 256
79 790 469
298 457 53
489 763 367
512 512 513
5 4 2
929 672 758
545 153 98
3 2 1
362 953 128
42 722 3
360 215 103
784 751 229
2 1 1
996 123 64
512 512 2
769 915 404
548 38 16
661 276 969
3 5 5
195 792 60
1 2 1
2 1 4
2 3 3
146 705 211
821 935 968
399 4 1
552 646 513
743 560 527
195 700 174
34 258 34
81 895 451
775 705 500
362 160 119
971 607 83
2 5 1
513 513 257
1 1 1000
513 513 2
432 545 406
2 4 2
34 895 11
640 378 956
204 231 117
512 512 257
754 425 573
833 411 37
26 198 151
104 530 875
