682 98
1 174
3 311 528 522
1 294
1 355
1 523
3 202 120 337
3 85 476 53
1 52
3 459 188 625
1 360
1 539
3 195 535 41
3 573 223 312
3 393 139 268
3 625 254 84
1 404
1 277
1 512
1 493
1 33
3 109 508 486
3 322 234 305
1 549
1 185
3 548 487 608
3 325 226 600
1 84
3 81 446 247
1 534
3 261 492 415
3 206 377 196
1 42
3 107 20 497
1 598
3 238 47 585
1 255
3 655 39 112
3 48 525 130
1 37
3 434 401 593
3 12 553 62
3 345 32 201
1 101
1 673
1 108
3 497 145 125
1 35
3 289 519 38
3 493 133 102
3 334 172 265
1 387
3 185 8 577
3 7 541 495
1 60
3 496 637 99
1 484
3 392 285 184
1 237
1 364
3 302 54 167
3 539 241 157
3 41 163 141
1 189
3 258 589 498
3 364 367 402
1 593
3 601 421 212
1 604
3 305 371 458
3 618 73 413
1 204
3 167 332 318
1 70
1 587
3 316 161 190
3 252 333 355
3 279 440 230
1 409
1 424
1 521
3 130 411 28
1 315
3 328 221 397
3 15 27 182
3 556 543 7
1 314
1 569
1 184
1 258
3 544 563 313
1 408
1 110
1 640
1 353
3 522 388 438
1 325
1 157
1 582
3 55 217 480
1 580
3 424 43 461
3 49 389 345
3 676 296 530
3 375 432 329
1 345
3 222 257 612
3 298 481 33
3 127 45 398
3 470 651 21
3 250 92 409
1 402
3 37 320 616
1 397
1 616
3 664 444 360
1 480
1 627
3 564 678 276
1 180
1 6
3 132 399 316
3 307 502 213
1 422
1 544
3 46 273 601
3 606 319 350
3 675 547 108
1 279
1 632
3 38 574 81
1 498
3 360 160 121
1 49
3 212 457 493
1 485
1 428
1 164
3 164 179 344
1 14
1 246
3 62 225 307
3 232 524 580
3 184 454 183
3 593 566 362
1 46
1 392
3 531 680 166
3 365 215 211
1 478
3 327 628 677
3 406 630 246
3 490 236 394
1 288
1 430
3 384 171 392
1 530
3 61 97 352
3 400 310 311
1 286
1 132
1 75
3 534 455 331
1 62
3 663 137 138
3 598 474 260
3 147 635 587
3 60 168 72
1 167
1 664
1 548
1 155
1 50
1 270
3 1 291 676
3 233 613 655
1 362
1 467
1 328
1 138
3 466 119 423
1 556
3 84 636 347
3 143 308 218
3 57 88 143
3 582 24 52
1 682
3 265 300 581
1 9
3 527 63 363
3 75 192 471
1 618
1 190
1 318
1 214
3 422 609 12
3 31 665 244
1 656
1 365
1 329
3 287 391 220
3 42 425 466
3 220 614 6
1 625
3 597 71 546
1 340
3 673 681 31
1 496
3 441 445 604
1 235
3 244 361 390
3 148 229 521
3 67 351 134
3 122 559 297
3 549 194 368
1 148
1 571
1 99
3 183 383 373
1 297
3 200 626 202
1 83
3 569 671 106
1 13
3 373 341 289
1 141
1 26
1 517
1 497
1 211
3 77 450 675
3 246 499 339
3 565 500 142
3 249 407 175
1 22
3 326 209 359
1 152
3 337 58 590
3 590 617 35
3 498 321 436
1 398
1 61
1 573
3 404 348 606
3 196 592 210
1 292
3 151 140 231
3 28 550 322
3 471 354 294
3 408 653 233
3 413 620 110
1 381
3 647 669 76
1 337
1 15
3 297 36 328
3 629 641 288
1 106
3 394 89 64
1 471
3 165 435 378
3 503 545 30
3 517 660 645
1 605
1 357
3 50 306 187
3 436 281 533
1 373
3 14 304 552
1 390
3 538 173 494
1 438
1 486
1 125
3 633 575 656
1 675
3 118 309 465
3 645 17 422
1 538
3 396 128 77
1 370
1 266
1 676
1 581
1 605
1 57
3 521 159 583
3 583 412 200
3 256 153 657
3 224 488 48
1 623
1 174
3 402 245 527
1 546
3 248 3 456
1 527
1 103
3 213 219 255
3 415 433 107
1 338
1 187
1 612
3 323 356 60
1 313
1 268
3 22 650 69
1 265
3 141 576 122
1 183
1 276
1 158
3 158 417 2
3 13 646 597
3 90 303 514
3 349 86 459
3 672 82 484
3 121 437 75
1 394
3 72 193 640
1 126
1 112
1 239
3 247 451 22
3 448 570 302
1 645
3 612 96 26
3 430 516 235
3 350 449 150
3 255 178 83
3 104 199 365
1 594
3 162 615 503
1 72
1 76
3 478 670 50
3 467 376 556
1 503
3 6 253 237
3 363 299 430
3 231 644 572
3 484 205 531
1 224
1 565
1 466
3 138 439 404
3 102 105 42
1 584
3 182 520 557
1 243
3 357 473 314
3 126 649 327
1 212
3 157 668 594
3 370 94 627
1 248
3 76 4 463
1 302
3 431 264 349
1 557
3 235 475 564
3 115 10 132
1 210
3 144 176 387
3 189 555 338
3 378 59 65
3 329 198 148
1 633
1 65
3 214 578 539
1 395
3 554 280 353
1 69
3 382 558 428
3 218 267 224
1 606
3 387 462 104
1 335
1 31
3 260 507 364
1 470
1 382
3 579 251 478
3 514 380 372
1 218
3 395 460 155
1 532
1 515
3 362 51 375
1 95
1 102
3 210 269 632
1 200
3 155 146 57
3 567 464 14
3 152 317 258
3 429 369 384
3 632 666 279
3 83 113 482
3 108 240 584
1 121
3 557 442 158
1 40
3 65 111 292
1 590
3 344 16 243
1 406
3 677 405 151
1 233
3 588 91 249
3 110 78 579
1 506
1 81
1 287
3 70 518 250
1 423
3 30 652 298
3 621 510 448
1 311
1 443
1 533
1 495
1 67
3 277 123 195
3 180 414 567
3 571 79 101
1 201
1 431
1 657
3 372 136 512
3 461 631 395
3 338 154 326
3 657 426 357
1 104
1 298
3 506 661 40
1 260
3 239 602 266
1 316
3 95 271 467
1 344
1 77
3 512 489 208
1 400
3 515 418 496
1 115
1 208
1 28
1 663
3 416 568 323
1 327
1 230
1 322
1 600
1 577
1 143
1 162
3 294 560 618
1 134
3 69 674 647
3 314 501 9
1 384
3 101 504 429
1 375
3 355 634 623
1 393
3 276 658 554
3 201 343 180
3 438 177 335
1 597
1 639
3 594 379 109
3 190 259 248
1 621
1 349
1 165
1 359
1 7
1 679
3 381 149 334
1 482
3 99 116 569
1 107
3 397 479 549
1 601
3 315 56 340
3 552 135 664
3 21 272 534
1 25
1 289
1 441
3 532 642 152
1 588
1 30
3 134 19 49
3 270 662 679
3 53 420 639
3 443 207 55
3 33 228 46
3 64 131 239
1 231
1 232
1 459
1 122
3 331 336 261
1 461
1 540
3 587 410 434
1 378
1 21
1 629
1 416
1 583
3 428 18 441
1 579
3 313 595 382
3 577 386 443
1 326
3 616 227 262
1 413
1 48
1 347
3 211 80 286
3 2 624 95
3 542 5 611
1 142
1 38
1 655
3 292 295 189
1 2
1 596
3 103 156 588
3 340 619 147
3 604 385 490
3 266 419 582
3 486 29 162
1 12
1 542
1 561
3 581 278 270
3 368 11 61
3 623 505 561
1 53
3 596 536 523
1 85
3 572 124 90
1 261
3 204 293 548
1 127
3 546 170 25
3 482 23 214
1 247
1 591
3 268 586 485
1 41
3 465 610 370
1 363
3 335 181 85
3 347 358 400
1 372
1 213
1 456
3 540 537 598
3 591 622 596
1 90
3 359 607 118
3 584 342 232
1 144
3 423 638 393
1 448
3 480 87 222
1 323
3 640 216 424
3 339 603 544
3 639 242 13
1 130
1 274
1 307
3 52 453 515
1 368
3 409 513 381
3 142 100 682
3 187 283 538
3 533 98 185
3 286 511 287
3 398 346 565
3 35 667 605
1 552
3 166 74 506
3 530 491 408
1 64
3 237 403 238
3 627 551 562
1 244
3 40 66 144
3 352 330 470
1 514
3 562 529 542
3 312 468 204
3 561 34 165
1 647
3 26 452 633
3 125 483 67
1 436
1 572
3 208 68 532
3 585 263 284
3 243 374 126
1 564
3 25 643 673
1 195
1 554
3 523 659 672
3 106 301 325
1 175
1 202
1 331
3 112 114 517
1 238
3 456 191 70
1 531
1 250
3 656 472 416
1 562
3 463 290 540
1 522
3 9 203 15
1 220
3 353 117 591
1 150
3 679 509 256
1 151
1 429
3 390 129 396
3 600 366 274
1 463
1 166
1 182
1 55
1 567
3 495 469 573
3 318 93 571
1 256
1 490
1 608
1 339
3 262 324 277
1 312
3 458 599 252
1 677
1 350
1 305
1 109
1 415
1 249
1 672
3 175 526 37
3 274 197 621
3 288 427 431
1 465
1 611
1 262
1 434
1 494
3 682 447 164
3 485 169 115
1 196
1 396
1 585
1 352
1 252
1 334
1 222
3 611 654 315
3 608 44 206
1 458
3 230 275 127
3 174 282 103
3 150 648 406
1 118
3 494 477 629
1 147
1 206
3 580 186 663
93
319
377
281
228
491
10
216
300
631
670
96
516
507
445
454
668
226
380
650
186
630
4
674
426
412
169
535
223
193
654
509
71
519
444
240
421
59
658
217
425
379
221
529
510
460
179
637
156
44
450
528
97
508
296
5
399
473
351
622
446
648
282
419
649
646
614
120
447
269
615
376
114
293
45
680
343
551
92
197
241
304
410
17
518
301
502
661
194
435
455
547
19
11
348
659
487
469
0 0
