663 100
1 154
3 203 479 379
3 652 254 70
3 413 45 375
3 501 84 289
1 272
1 36
3 28 443 71
3 24 88 474
3 302 339 536
3 588 410 403
3 63 258 647
3 26 41 227
3 472 18 279
3 197 230 69
1 354
1 389
1 14
3 402 80 311
3 389 345 628
3 427 593 506
1 323
3 556 660 186
3 37 573 9
3 453 160 611
3 624 515 13
1 548
3 249 101 8
3 633 235 389
1 220
1 114
1 647
1 225
3 93 292 347
1 274
3 118 7 430
3 131 115 24
3 62 136 209
3 294 145 354
1 590
1 13
3 621 585 584
1 381
1 239
1 4
3 317 334 539
1 78
3 579 309 138
1 262
1 209
1 96
1 392
3 165 547 301
3 407 643 383
3 209 384 313
1 208
1 509
3 117 238 618
3 92 105 391
3 315 604 305
3 152 649 229
3 474 331 38
3 399 250 12
1 463
3 259 520 329
1 280
3 181 241 508
1 578
3 15 436 434
3 3 654 565
3 8 161 172
3 322 212 504
3 491 255 177
1 386
3 155 217 575
1 184
1 566
3 578 47 472
3 193 620 158
1 19
1 213
1 653
1 402
1 5
1 462
3 430 425 190
1 595
1 9
1 556
3 538 451 633
1 227
3 503 421 59
3 368 623 34
1 263
3 622 205 104
3 308 51 603
1 157
3 376 637 153
3 608 167 112
1 416
1 28
1 621
3 504 233 332
3 95 594 533
1 59
1 308
1 631
3 419 125 320
3 527 542 197
1 333
3 424 431 372
3 99 448 607
3 289 598 130
3 369 31 595
1 37
3 595 405 144
3 252 327 58
3 307 609 36
3 403 351 166
1 434
1 165
1 286
1 174
3 446 159 308
1 108
3 600 319 424
3 342 580 560
1 210
3 418 458 514
3 113 169 326
3 473 549 37
1 582
3 509 545 261
1 372
1 455
1 38
1 296
3 48 310 416
3 641 265 396
1 320
1 291
1 661
1 281
3 116 409 162
1 39
3 629 632 402
3 383 330 328
1 173
1 279
1 570
3 577 426 661
3 568 482 61
3 98 461 333
3 1 591 659
3 329 529 75
3 460 385 462
3 182 97 189
3 79 199 629
1 124
1 25
1 71
3 144 253 553
3 434 388 360
1 341
3 439 121 53
3 119 602 464
1 99
1 358
1 130
1 579
1 379
3 71 646 509
3 262 148 496
3 280 123 463
1 246
1 368
3 73 306 473
1 326
1 487
1 553
3 198 476 67
3 462 359 157
3 380 519 503
3 498 76 627
1 587
3 23 494 294
1 583
3 256 248 321
3 157 466 376
3 86 299 203
1 600
1 596
3 500 442 79
3 512 561 444
1 321
1 247
3 109 555 15
3 560 484 181
1 158
1 294
1 481
1 242
3 190 612 2
1 533
1 95
3 463 552 349
3 607 441 406
3 548 56 528
3 38 50 55
3 615 128 498
3 393 459 579
1 72
3 381 81 283
1 349
3 220 605 658
1 300
1 75
3 285 492 307
1 252
3 536 30 215
1 237
1 347
3 401 244 465
3 336 497 582
3 296 33 587
1 517
3 13 91 272
1 559
3 61 597 397
1 15
1 523
1 418
1 103
1 639
1 29
1 577
3 575 221 317
1 58
3 358 44 407
1 498
1 67
3 487 202 481
1 603
1 223
1 342
3 557 175 249
3 528 196 652
1 188
3 246 266 28
1 63
1 400
3 543 219 117
1 162
1 3
1 73
3 639 558 188
1 311
1 12
3 386 264 65
1 472
3 133 486 455
3 263 49 173
3 347 94 262
1 259
1 139
1 249
1 460
1 444
3 326 589 314
1 588
1 641
3 227 6 369
3 567 382 501
3 523 35 296
3 584 569 277
1 618
3 275 337 556
1 557
3 14 149 600
3 596 66 174
3 581 143 566
1 447
3 213 563 343
1 568
3 301 610 218
3 539 122 653
1 537
1 657
3 5 355 113
1 329
3 314 141 453
1 34
1 512
3 186 200 39
1 316
3 274 137 225
1 608
1 430
1 190
3 391 216 606
3 53 488 285
3 631 630 10
1 572
3 305 574 548
3 60 325 304
1 177
3 218 356 118
3 124 106 96
1 48
1 138
3 19 257 439
3 564 490 581
3 55 526 361
3 269 619 291
3 611 586 60
3 502 295 583
3 237 601 46
1 500
1 126
3 108 140 341
3 188 195 568
3 603 348 72
3 570 22 447
1 627
1 305
3 130 178 269
1 117
3 147 640 572
3 65 290 155
1 147
1 62
3 103 525 380
3 153 110 401
1 46
1 613
3 465 378 224
1 277
1 474
1 10
1 659
3 320 164 608
3 537 245 127
3 283 475 578
1 564
1 20
1 377
3 34 222 263
1 322
3 206 214 363
3 400 485 393
1 119
1 391
1 611
3 39 16 418
1 289
1 307
3 468 663 657
3 613 168 239
1 182
3 163 541 517
3 313 373 505
1 453
3 349 635 491
1 414
1 629
1 522
1 403
3 516 176 93
3 272 394 114
1 565
1 393
3 111 134 427
1 361
1 536
3 4 420 468
3 189 634 98
3 587 346 449
1 336
3 2 171 538
3 332 616 183
3 447 43 213
1 273
3 54 445 147
1 55
1 156
3 565 74 259
1 411
1 163
3 29 17 20
1 452
3 59 352 300
3 467 52 428
3 350 371 211
1 369
1 628
3 139 626 408
2 229 650
1 506
3 481 614 63
3 404 251 350
3 333 535 223
3 146 83 19
3 11 367 119
3 506 544 400
1 116
3 207 638 446
3 239 531 54
3 396 440 478
1 144
1 11
3 517 387 613
1 454
3 550 471 4
3 627 364 415
3 414 457 564
3 138 100 543
1 468
3 354 232 129
3 429 423 108
1 375
1 92
1 615
1 419
3 126 507 111
1 86
1 151
3 372 592 21
3 392 655 588
3 452 644 419
3 36 298 86
1 111
1 478
1 502
3 69 120 163
1 516
1 69
1 527
1 439
3 311 438 165
1 408
1 207
1 193
1 8
3 194 268 615
1 383
3 406 554 124
3 323 282 381
1 112
3 377 513 621
3 659 530 460
1 90
3 651 390 429
3 291 362 25
3 628 412 527
3 261 135 537
1 560
1 415
1 129
1 211
3 450 267 156
1 153
3 156 85 182
3 174 64 206
3 166 499 500
3 223 489 336
1 189
3 522 540 392
3 375 417 357
1 504
1 491
1 413
3 78 260 14
3 177 576 131
3 9 338 62
1 343
1 181
1 624
3 408 432 487
1 2
1 567
3 242 201 399
1 152
1 538
1 198
1 350
1 261
3 478 179 242
1 301
1 465
1 312
3 363 470 73
1 218
1 496
1 186
1 607
3 173 493 590
1 224
3 210 240 184
1 464
3 464 318 193
3 273 521 5
3 661 433 316
3 183 636 92
3 72 469 103
3 361 617 557
3 21 398 404
1 424
3 67 562 559
3 172 57 133
1 539
1 651
3 618 293 194
1 449
3 129 518 631
1 26
3 647 435 368
3 360 226 411
1 514
1 183
1 65
1 501
3 606 366 467
3 653 231 274
1 550
1 332
1 313
3 454 437 109
3 208 534 247
1 155
1 450
1 407
1 645
3 104 204 567
1 528
1 401
3 10 374 220
3 455 287 342
3 379 483 90
3 46 510 286
1 467
1 360
1 109
3 416 642 252
1 404
1 133
1 584
1 53
3 304 27 208
1 131
3 583 524 413
1 633
1 206
3 162 180 639
1 446
1 197
3 277 89 23
3 505 278 246
1 256
3 508 228 577
3 127 456 198
1 194
1 508
1 283
3 415 344 312
3 70 370 386
3 281 77 624
3 533 480 273
3 321 284 152
1 275
3 572 150 323
1 652
3 328 303 570
1 24
1 304
3 75 625 237
1 473
3 559 236 151
3 343 68 78
3 211 170 48
1 127
3 312 656 281
3 224 132 641
3 316 187 550
3 42 546 275
1 42
1 315
3 225 185 377
3 428 270 11
1 269
3 496 40 596
1 154
1 427
1 21
1 104
3 114 87 116
3 590 192 280
1 229
1 113
1 606
3 279 191 126
1 317
1 166
3 96 243 322
1 60
1 215
3 300 599 522
3 112 495 207
3 341 297 99
1 118
1 285
3 25 353 315
1 203
3 411 335 358
1 399
3 444 422 210
1 380
1 505
3 58 276 512
1 314
1 79
3 449 102 42
3 645 648 95
1 93
3 566 477 26
1 575
1 396
3 184 324 414
3 20 395 454
3 158 365 146
1 302
3 514 107 302
1 146
3 90 551 29
1 376
1 363
1 503
1 98
1 406
3 553 234 256
1 328
3 582 271 139
1 543
1 54
1 429
3 657 532 622
1 172
3 12 32 516
1 622
1 61
1 397
3 658 511 452
3 247 571 3
3 286 82 523
1 70
1 428
1 581
3 357 288 645
3 215 662 651
3 154 340 450
1 23
3 151 142 502
1 658
1 357
466
561
214
310
254
148
532
255
644
88
160
168
448
366
421
271
87
52
258
17
520
374
288
371
290
340
306
45
105
284
295
477
511
27
82
598
589
205
437
551
161
33
324
546
257
445
488
510
362
643
81
482
195
331
390
344
226
499
94
519
18
135
102
394
143
642
614
200
640
187
545
513
201
604
40
64
202
594
141
558
122
530
192
250
356
580
476
534
204
591
483
438
241
309
443
619
585
337
266
562
0 0
