889 93
1 292
1 270
1 360
1 399
1 489
3 463 881 298
3 664 96 663
3 875 687 385
1 409
3 388 472 192
3 38 831 803
3 166 601 237
3 843 160 155
3 825 467 824
3 609 261 441
1 778
1 169
1 313
3 709 339 173
1 392
3 30 216 696
3 578 379 487
1 577
1 442
1 259
1 274
1 645
3 553 159 491
1 88
3 260 810 21
1 457
1 239
1 708
3 864 558 88
1 488
1 299
1 271
3 63 841 11
1 126
1 400
3 801 469 427
1 482
3 164 793 370
3 778 756 557
1 562
3 486 662 256
1 454
1 741
1 228
3 555 859 695
1 653
3 375 507 172
3 436 492 306
1 596
3 152 666 553
3 335 738 164
1 615
1 625
1 715
3 370 398 732
1 275
3 457 796 344
3 275 838 38
3 663 74 101
3 392 363 123
3 134 594 162
1 412
1 620
1 286
3 189 410 153
1 195
3 635 797 313
1 671
1 64
3 451 135 708
3 420 165 853
1 783
1 553
1 324
1 557
3 820 602 573
1 334
3 501 748 296
3 547 840 351
1 344
1 542
3 286 633 320
3 34 29 308
1 865
1 269
3 330 644 621
3 259 340 244
3 441 319 249
3 207 545 664
1 260
1 7
1 503
1 163
1 798
3 360 479 637
3 64 218 765
1 194
1 463
3 409 481 169
1 599
1 327
3 689 852 783
3 280 127 503
3 632 886 431
3 265 744 274
3 480 205 163
3 764 655 653
1 393
3 465 264 275
1 193
1 168
3 660 718 349
1 505
1 776
1 801
3 755 423 210
1 538
3 65 665 862
1 605
1 819
3 607 39 658
1 108
1 237
1 210
1 256
3 237 422 221
3 586 766 228
1 214
3 431 391 66
1 75
1 510
1 509
3 792 466 540
1 407
3 477 873 741
1 197
1 518
1 308
1 250
3 582 822 408
1 333
1 585
1 556
1 178
3 544 372 683
3 650 496 341
3 489 213 55
3 70 846 459
1 563
3 13 543 278
1 695
1 809
3 534 670 736
1 28
1 13
3 629 241 542
3 66 404 420
3 111 98 632
3 56 289 43
1 76
3 618 579 12
3 383 188 197
3 678 116 758
3 104 17 297
1 689
1 555
3 52 266 232
3 19 677 501
1 439
1 262
1 726
3 540 733 782
3 418 149 211
3 494 669 730
1 705
3 853 303 792
3 646 396 627
3 390 713 875
3 653 777 214
3 572 378 357
1 627
1 828
1 167
3 671 295 70
1 535
1 522
3 10 406 471
3 251 115 821
3 785 102 269
3 860 71 465
3 511 690 526
3 167 141 836
3 273 437 468
3 727 321 624
3 351 283 592
1 281
1 296
1 417
3 805 818 475
1 111
1 805
3 529 667 94
3 888 483 535
3 491 600 709
3 121 129 575
3 178 784 769
1 785
1 152
3 184 133 763
1 732
1 21
1 847
1 101
3 621 284 745
3 563 325 480
3 131 329 534
1 780
1 459
3 227 775 572
3 400 541 364
1 526
3 395 682 224
3 132 49 300
3 715 504 273
3 608 648 358
1 587
3 172 287 409
1 619
1 855
3 769 697 530
1 395
3 12 128 131
1 774
3 868 32 276
1 537
1 161
3 695 506 771
1 757
3 92 524 476
1 514
1 366
3 863 369 519
1 740
3 93 365 641
3 341 144 764
3 428 401 193
1 765
1 763
3 706 698 439
1 769
2 46 130
1 561
1 451
3 274 25 92
3 804 95 30
1 15
3 362 175 815
1 874
1 114
3 493 747 110
1 172
1 727
3 726 588 559
3 194 90 361
3 546 2 671
3 774 37 618
1 618
3 229 374 198
3 110 26 259
3 114 61 63
3 239 293 451
1 626
3 155 636 484
1 724
3 522 623 108
3 723 201 388
1 820
1 200
1 219
3 877 581 654
3 349 69 87
1 232
3 717 737 326
1 164
1 452
3 803 714 615
3 1 405 608
1 276
1 361
1 189
3 83 202 723
3 169 312 470
3 6 536 607
3 470 36 866
3 228 444 829
1 468
1 754
1 181
1 362
1 664
3 53 742 635
3 450 616 400
3 88 143 848
1 350
1 861
1 808
1 297
3 72 18 531
3 538 762 649
3 847 336 555
1 745
1 647
1 357
1 93
3 87 788 522
1 199
3 366 630 452
1 676
3 510 79 436
1 220
3 288 867 757
3 789 106 510
1 607
1 221
3 539 845 91
1 758
1 480
3 771 146 726
3 590 82 882
3 782 345 56
1 315
1 371
3 819 356 885
1 19
1 92
3 151 380 250
1 787
3 565 832 403
3 62 85 393
1 335
1 668
1 532
1 637
3 117 707 286
3 385 309 628
3 84 701 200
3 537 760 434
1 458
3 829 781 868
1 385
1 338
3 185 318 681
3 230 842 596
3 745 569 645
3 596 3 100
3 269 294 863
3 615 304 262
1 65
3 225 688 428
1 249
3 525 246 322
1 660
1 792
1 247
3 43 495 60
3 721 337 511
1 150
1 609
1 273
3 767 448 52
1 388
1 683
1 185
1 22
1 341
1 494
1 864
3 476 856 167
1 678
3 8 355 350
1 692
3 627 702 539
3 281 376 10
1 650
3 399 642 183
1 134
3 637 20 65
3 344 113 888
3 765 731 458
3 403 236 227
1 182
1 768
1 60
3 471 4 390
3 307 40 225
1 251
1 782
3 343 794 395
1 162
1 292
1 192
3 708 139 825
3 145 761 486
3 232 9 104
1 70
1 730
3 649 67 518
3 577 693 686
1 755
3 710 694 864
1 582
3 461 203 889
3 758 672 178
1 511
3 162 750 76
1 885
1 131
1 121
1 866
1 877
1 436
3 41 751 537
3 364 435 251
1 431
1 570
3 109 429 134
1 829
1 491
3 352 634 582
1 428
3 324 426 53
1 198
1 474
3 254 174 563
1 710
3 15 576 93
3 872 24 605
3 557 773 805
1 300
3 573 638 861
1 696
1 501
1 375
1 530
3 741 517 307
3 276 258 75
3 322 290 754
1 699
3 592 47 523
3 659 571 729
1 770
3 523 31 62
3 394 353 770
3 153 223 809
1 806
3 561 651 417
1 721
3 798 103 6
1 485
3 195 879 114
1 138
1 14
3 198 301 869
1 41
3 297 816 299
3 192 834 399
1 10
1 573
3 729 438 590
3 204 564 780
3 244 887 383
3 676 595 140
3 556 580 494
1 100
3 220 332 111
1 104
3 743 42 798
1 208
3 278 837 692
3 799 464 646
3 408 548 46
3 22 597 827
3 795 35 874
3 681 5 152
3 598 513 717
3 28 433 209
1 53
3 753 857 265
3 478 381 179
1 370
1 151
1 743
3 554 800 629
1 540
3 567 640 724
3 173 447 83
1 804
3 108 97 847
1 229
3 668 118 779
1 242
1 52
1 686
3 658 137 877
3 327 136 324
3 371 419 196
1 621
1 490
3 768 245 547
1 586
1 649
1 450
3 412 142 705
3 247 674 532
1 706
1 803
3 320 191 280
3 454 807 457
1 244
3 770 704 366
3 196 226 776
1 578
1 830
3 699 610 207
3 235 449 659
3 313 711 619
3 519 347 743
1 629
3 221 591 158
3 208 190 587
1 298
3 427 240 352
3 619 122 314
3 387 728 330
3 138 499 177
1 225
3 161 86 699
1 155
3 605 680 150
1 94
3 836 854 270
3 514 811 84
1 486
1 593
1 659
1 872
1 658
3 55 78 28
3 736 813 498
3 315 171 50
3 882 148 478
3 44 80 443
1 34
3 268 884 578
1 567
3 786 257 461
3 575 45 668
3 439 154 220
1 475
3 692 589 343
1 825
3 641 560 500
1 753
1 359
3 861 430 604
1 455
3 224 656 185
3 81 473 445
1 729
3 210 691 562
1 441
3 844 23 413
3 559 527 22
1 166
1 478
1 285
3 434 416 145
1 824
1 624
3 855 147 753
3 754 515 132
3 535 231 716
1 268
1 565
3 474 790 334
1 534
3 200 673 454
3 862 549 795
1 66
1 477
3 358 54 360
1 487
3 783 749 490
3 732 105 689
1 209
1 12
1 81
1 844
3 570 791 787
3 442 124 544
1 843
3 298 328 126
3 292 759 230
3 821 373 15
1 529
1 736
1 716
1 826
1 646
3 291 57 362
1 307
1 723
3 271 272 166
3 531 233 538
3 828 68 855
3 91 512 219
3 824 735 806
1 280
3 199 584 721
3 730 58 860
3 696 277 650
3 182 186 387
3 350 833 774
3 498 533 161
1 322
1 789
3 163 679 109
1 87
1 434
3 306 880 72
1 278
3 100 348 392
1 445
1 888
1 500
3 249 851 567
1 390
1 661
1 91
3 359 27 727
3 485 614 182
3 776 317 676
1 230
3 314 516 412
3 626 389 151
1 461
1 868
3 112 51 184
3 285 703 755
1 112
1 572
1 786
3 126 552 509
3 530 550 455
3 869 367 117
3 705 643 772
1 46
3 7 823 64
3 94 305 7
1 123
1 55
1 207
3 562 346 505
1 179
1 158
3 270 73 189
1 418
1 592
1 519
1 767
3 647 323 477
1 173
3 850 384 168
1 632
1 544
3 357 812 489
1 227
3 150 377 706
1 875
1 836
3 413 508 710
1 8
1 364
3 599 170 107
1 196
1 575
3 484 386 565
1 413
1 415
3 50 156 242
3 21 446 626
1 235
1 254
3 542 453 529
1 799
1 351
1 387
1 654
1 525
3 518 180 661
3 683 520 254
1 349
3 75 33 407
3 209 883 19
3 686 440 415
1 531
1 853
1 183
1 291
3 780 59 229
3 587 612 826
3 490 802 288
1 117
1 815
1 863
3 624 462 371
1 827
3 296 617 281
3 500 279 804
1 779
3 333 176 268
3 645 267 199
1 539
3 455 574 474
3 179 411 625
1 394
3 60 215 599
1 177
1 848
1 622
3 158 611 554
1 288
1 56
1 795
3 808 248 850
3 140 48 450
1 306
3 532 497 482
1 110
3 219 316 359
1 771
1 265
1 83
1 598
1 420
1 427
1 860
3 585 568 493
3 452 302 586
3 654 414 121
1 44
3 326 243 844
3 168 331 418
1 608
1 352
1 408
1 314
3 214 253 872
3 250 871 112
3 101 252 394
1 132
3 830 675 375
3 827 397 514
3 211 255 235
3 458 456 525
3 242 746 333
3 661 878 830
1 443
3 628 238 271
1 224
3 526 119 647
1 184
3 787 16 44
3 505 725 786
3 475 222 715
1 354
3 177 402 335
3 107 77 598
1 211
3 817 212 194
3 779 657 561
3 604 342 778
1 320
3 815 631 327
1 590
1 604
3 181 368 138
1 43
1 403
3 593 739 488
1 62
1 72
3 482 99 463
3 874 700 485
1 498
3 826 120 41
1 717
3 11 521 291
3 724 502 260
3 443 206 204
3 622 460 808
1 523
3 806 311 740
3 459 157 820
1 30
1 547
1 681
1 554
1 862
3 262 719 789
1 470
3 866 858 785
1 204
3 848 125 338
3 809 282 81
3 193 835 609
1 145
1 663
3 14 583 622
3 407 566 14
3 716 613 801
3 487 722 768
3 889 187 620
3 300 432 354
3 772 528 767
1 11
1 343
1 628
1 471
1 821
3 197 685 546
1 484
1 63
1 882
1 84
1 38
1 358
3 865 606 13
3 757 603 577
1 330
1 153
3 503 217 315
3 308 734 819
1 869
3 740 870 678
1 641
1 107
3 76 712 181
1 546
3 620 234 585
1 383
1 493
1 817
1 50
3 625 752 195
3 445 310 570
3 123 814 593
3 361 720 247
3 415 382 34
3 885 89 843
3 299 424 817
1 326
3 354 652 239
3 468 849 660
1 850
1 764
3 763 551 442
1 140
3 488 263 799
3 183 684 8
1 889
3 509 425 285
1 772
1 465
1 635
1 6
3 334 839 556
1 709
1 559
3 338 421 865
1 109
1 476
3 393 639 208
3 417 876 828
122
106
713
266
887
124
68
213
191
246
201
321
886
467
74
751
823
311
682
697
49
462
497
796
154
552
438
642
762
355
398
290
719
704
512
623
73
147
17
312
328
832
113
667
479
657
520
102
569
33
42
813
404
310
859
652
89
687
372
187
257
149
690
536
45
293
639
2
165
206
656
560
329
802
279
90
289
342
180
840
718
846
602
633
472
600
839
323
616
516
325
422
96
0 0
