2048 78
1 1801
3 1732 1229 349
1 1423
1 1646
3 596 1553 1080
1 1844
3 1919 506 1035
1 774
1 60
1 2043
1 335
1 2029
1 1472
1 447
3 1015 1190 234
3 309 1203 960
3 642 1202 780
1 503
3 1803 1456 1903
1 1640
1 725
3 1563 587 38
1 1776
3 1952 963 175
3 585 342 125
1 1173
1 1827
3 1363 305 147
3 211 1155 1356
3 1445 1078 177
3 546 43 1912
3 1482 46 1006
3 465 1586 1284
1 204
3 241 779 856
1 532
1 1899
1 22
1 690
3 1125 720 1670
3 1680 1232 583
1 629
1 31
1 1045
1 1762
1 32
1 841
1 387
1 1970
3 1635 473 884
1 1520
3 1305 1900 603
1 1886
1 721
1 113
1 1631
3 1647 153 776
3 1867 1443 422
1 1017
3 1930 9 1328
3 378 1744 1532
3 115 250 195
1 1241
3 1975 1524 1098
3 1027 1222 106
1 1755
1 383
1 840
1 1237
1 590
1 1009
3 79 2003 266
1 561
1 1129
3 574 1479 221
1 576
1 1844
3 1392 591 575
3 176 72 1601
1 1775
1 2044
3 2031 1990 1313
1 752
3 1576 2019 766
1 1334
1 965
1 1771
1 992
3 1164 1680 1675
3 260 278 1623
1 447
3 1369 922 2016
3 1413 944 146
3 426 1740 1300
3 1799 787 191
3 733 1317 1565
3 623 2011 514
1 875
3 1842 1329 1777
1 1620
1 628
1 2002
1 976
3 1688 1796 1687
1 364
3 65 1416 1506
1 1314
1 1041
3 213 441 425
1 1136
1 1109
3 1307 236 1258
3 1434 1417 55
3 1516 1697 824
3 743 62 1552
3 1845 1391 1204
1 791
1 907
1 1072
3 924 478 1873
1 1408
1 853
1 2020
3 909 799 1638
1 25
3 1122 1242 1316
1 910
3 1978 914 1706
3 1832 912 834
1 1913
3 488 853 1681
3 1296 1166 1451
1 613
1 1606
1 284
3 674 1303 1498
1 1484
1 1524
3 472 467 686
1 243
1 1814
1 1151
3 919 1881 893
3 636 1780 1712
3 1418 1866 499
3 93 1230 1742
1 28
3 921 323 428
1 591
3 836 1136 304
1 1982
1 643
3 57 1459 293
1 519
3 562 424 581
1 1591
1 293
1 1704
3 339 913 1887
3 1563 1373 248
1 729
1 1256
3 1962 164 1935
1 163
3 378 1169 941
1 287
1 1704
3 963 1962 1000
3 887 1781 477
3 1040 1702 1883
1 1943
1 1286
1 709
1 1719
3 24 802 1604
3 771 1418 79
3 30 1541 544
3 1122 523 331
3 945 1193 658
3 873 1375 1980
1 320
1 1920
3 1675 1589 1220
3 851 1161 2002
1 1177
3 409 804 1908
1 264
3 583 1819 1233
3 557 1929 1862
3 1330 1655 1400
1 95
3 1141 1839 1846
3 1264 1357 1132
3 1846 653 322
1 62
1 763
1 745
1 1622
1 763
3 802 903 1349
1 1301
3 1018 1991 734
3 1570 1309 1040
3 642 34 1575
1 463
1 551
1 1194
1 842
1 1013
3 1269 1573 341
3 681 29 733
3 1539 1683 1473
3 1284 109 1890
3 218 1018 437
3 392 1945 770
1 523
3 993 1728 318
3 302 1477 214
3 1001 693 229
1 1514
3 75 896 1587
3 1966 1138 472
1 1260
3 1867 947 1609
1 411
3 1307 1960 1581
1 532
1 1053
1 219
1 1538
1 1266
1 2044
3 2035 783 664
1 15
1 548
1 112
1 1097
3 1566 637 356
3 488 1897 519
3 1000 754 1936
3 650 1423 35
1 1996
3 1347 140 1784
1 1349
3 372 1715 906
1 344
3 713 1970 344
1 160
3 412 803 1333
1 62
1 639
1 973
3 468 1585 383
1 1053
1 1693
1 877
1 304
1 638
3 1471 1925 858
3 1779 1576 90
3 1351 1632 1015
3 1513 1625 584
1 1238
3 1422 187 1717
1 1013
1 72
1 533
1 1260
1 1334
3 339 1787 975
3 292 1836 2026
1 724
3 1370 1485 839
1 1257
1 1128
1 1544
3 1800 1106 937
3 90 669 393
3 557 1707 1559
1 314
1 1154
3 1051 577 743
3 991 1551 1660
3 1180 1171 135
3 899 1057 616
1 1007
3 1253 166 1944
3 1119 1977 1640
1 1093
3 422 1871 1591
1 1745
3 708 302 271
3 153 157 354
3 345 405 694
3 870 709 1097
3 1231 1437 1177
3 2024 1240 309
1 877
1 906
3 682 1942 620
1 1074
3 292 218 756
1 729
3 150 493 257
1 28
3 376 1041 952
1 1304
1 548
3 297 1745 16
3 1022 1968 1089
1 629
3 967 1494 712
1 2017
3 1232 1536 280
3 345 468 487
1 844
3 552 1580 1987
1 217
1 840
3 1035 2039 181
1 605
1 194
1 148
1 777
3 1396 538 1361
1 2029
1 1668
1 1546
1 1440
3 1802 1009 990
3 178 407 1199
3 1604 1182 1154
3 1767 1511 728
1 847
3 504 11 1436
1 1146
1 1769
3 1602 1891 967
3 1892 270 159
1 1279
3 210 1393 706
1 25
1 1074
3 247 1295 246
3 793 294 315
1 869
3 1513 1401 1504
3 1126 1971 1476
1 2
3 596 812 360
3 1590 1096 1335
1 1848
1 1243
1 293
3 837 718 1779
1 238
1 913
1 916
3 1284 656 703
1 350
3 1296 1653 697
1 1926
1 1288
3 1894 105 833
3 1158 1023 613
1 517
1 990
1 975
3 1832 540 1525
1 1459
1 1316
3 924 2031 245
1 1481
3 814 1037 1621
1 656
3 1503 306 1071
3 399 1027 1667
3 1475 165 61
3 602 1123 871
1 923
1 1109
1 467
3 253 1931 67
1 926
1 1217
1 1335
3 1189 1354 48
1 972
3 1971 711 476
3 1347 394 1760
1 864
3 578 215 1124
3 278 1861 421
1 390
3 1498 1298 1749
1 529
1 876
1 1183
3 1830 1115 377
1 1492
1 1252
3 644 1815 704
3 885 840 2043
1 1349
3 294 1347 1786
1 451
1 331
3 1491 2005 1546
3 882 935 186
1 928
3 1419 1014 225
3 996 981 249
1 1137
1 1661
1 1572
1 591
1 544
1 1130
1 566
1 1887
3 393 738 2030
3 58 290 652
1 1571
1 155
1 109
3 1160 659 94
1 981
1 148
3 1642 1276 732
1 1607
3 830 1686 849
3 692 868 1851
3 1181 1844 1792
1 1515
1 1584
1 917
3 214 1128 1007
1 1755
1 568
1 1129
1 109
1 1483
1 559
3 2027 1214 1557
3 490 1302 1956
1 1622
3 888 91 14
1 1481
1 1002
3 850 469 1849
3 1838 1275 406
3 528 1163 1827
3 723 1597 1934
1 1266
3 1747 1818 1187
1 1079
3 879 1342 1385
3 663 598 1045
3 1838 820 1103
3 1972 1943 1049
1 1124
1 696
3 1922 205 2048
3 743 777 977
3 1952 33 675
1 1155
3 139 1941 382
3 315 1125 253
1 450
3 664 892 1472
1 846
3 222 648 139
1 50
1 568
1 1567
3 389 547 1073
1 169
3 120 1607 1703
1 1217
3 1649 1082 811
3 1078 1870 1708
3 1319 1318 1617
3 1873 838 1847
3 1763 883 1533
3 1842 1216 1324
1 678
3 315 1471 925
3 1843 131 239
1 1715
3 1757 719 445
3 1036 1135 1652
1 1440
1 304
1 619
1 1592
1 1921
1 1861
3 1392 1091 1017
1 145
3 1892 1833 1618
1 1104
1 613
3 1688 1985 18
3 723 335 1003
1 1412
3 7 542 917
1 1897
1 1338
1 1996
3 1383 1449 569
3 1821 714 2041
1 597
1 1110
1 97
1 1969
3 1119 1288 1775
3 1955 366 549
1 1139
3 239 154 1828
1 961
3 1957 1665 1620
1 1161
3 178 216 1981
3 1064 1191 1737
1 1789
1 1595
1 1943
3 1456 452 539
3 1783 1267 396
1 1665
1 881
3 539 227 36
3 1180 267 831
1 986
3 574 899 1605
1 1049
3 1570 1134 1845
1 325
3 528 1053 532
1 369
1 1132
3 506 1024 1896
1 572
3 177 417 746
1 1130
3 1209 31 1789
1 476
3 1632 235 308
1 517
1 1597
3 784 206 2036
3 1587 317 1360
1 1163
3 669 1698 1671
1 961
3 1303 1289 1518
3 1674 189 279
1 590
3 1833 443 1692
1 1554
3 1422 73 1426
3 1005 1196 155
3 1603 1008 996
1 1442
3 939 707 1774
3 1415 419 1025
3 644 1052 647
3 1512 474 439
1 510
3 980 1238 1101
1 901
3 1869 933 543
3 1115 1398 771
3 775 535 75
3 78 929 1898
3 1988 76 1433
3 282 1869 1894
3 1675 392 1688
1 667
1 2043
1 155
3 814 1714 1895
3 41 188 1002
1 262
3 1590 25 1947
1 998
1 22
1 1792
3 1309 948 666
3 2019 70 558
3 78 416 149
1 686
3 865 1149 1530
1 1242
1 1272
3 762 5 350
3 1121 1885 512
3 458 828 915
3 1519 902 1076
3 1370 1085 877
1 1655
3 694 379 1484
1 52
1 1610
3 1786 1992 321
1 943
3 836 2017 911
1 1789
3 1239 1853 1730
3 1801 837 1658
1 752
3 1075 1137 757
3 365 502 133
1 1734
1 1377
3 285 1104 1483
3 1865 1570 1067
1 931
3 927 494 1244
1 300
3 764 1355 670
3 945 765 1127
3 1195 97 1663
1 1703
1 844
1 1049
1 1636
3 1519 101 1995
3 1968 42 311
3 1222 1344 1272
1 1206
1 662
1 1492
3 1016 708 1904
1 1101
3 996 144 1630
1 238
3 1777 1932 258
3 1498 1362 251
3 1914 1884 1439
3 695 1185 859
3 1761 204 17
3 1672 759 152
3 1144 402 567
3 947 1304 1293
1 1186
1 567
3 472 942 1262
1 855
3 1919 241 1292
1 1046
3 422 1719 1544
1 194
3 886 816 1273
1 1889
3 359 936 375
1 876
1 179
3 426 870 1231
1 1827
3 1497 945 852
3 1324 778 632
3 1605 1371 458
3 233 470 807
3 1839 715 1501
1 589
3 1219 579 1255
1 1541
3 278 1913 554
1 621
3 1757 1631 1165
3 1902 880 1594
1 755
3 785 851 136
3 465 1507 1320
1 1480
1 1541
3 1140 486 1448
1 864
1 1023
3 984 863 211
3 689 300 973
1 1703
1 1572
1 1934
3 139 592 1880
3 921 1457 1403
1 1556
3 1576 969 682
3 784 750 39
1 1573
3 896 1332 432
1 219
3 294 1197 602
3 1491 641 1286
3 1471 462 1421
1 361
3 1659 1061 1875
1 1283
1 1913
3 947 1537 1266
3 762 1848 1249
3 359 1268 1820
1 402
1 1133
1 341
1 565
3 634 1164 292
3 295 1615 173
3 798 1540 873
3 389 1550 1574
1 312
3 995 1939 247
3 511 1285 1596
1 665
1 1897
3 851 2032 791
3 355 1624 1126
3 490 1893 1446
1 40
3 1786 1526 54
1 1508
3 761 504 453
3 919 272 1366
3 1800 1656 21
1 1332
3 2031 2012 1765
3 333 1588 2009
3 1978 303 161
1 998
1 1003
1 429
3 211 998 96
1 202
3 1164 1445 1022
1 1515
1 1338
1 421
1 1890
1 1256
3 1195 875 1755
1 1610
3 282 464 115
1 926
3 1540 197 1560
1 544
1 1889
1 1969
1 777
1 690
1 815
3 807 83 611
1 952
1 240
3 782 673 1081
3 302 1319 900
3 612 1019 1453
3 1566 1555 1868
1 643
3 1539 1874 800
3 1033 723 1569
3 1445 702 596
3 2006 199 196
3 1740 773 621
1 622
3 84 1481 1173
1 2020
1 1420
3 1086 943 1629
1 215
3 573 176 1542
1 1112
3 764 1212 1582
3 1955 8 1198
3 1658 1378 574
3 57 1200 1374
3 464 324 749
1 662
1 35
1 17
1 815
3 1795 1788 755
3 233 968 1296
3 1319 690 551
3 1115 674 2024
3 1390 1011 1515
1 95
1 1546
1 1293
1 819
3 717 940 117
1 1861
3 1261 345 1051
1 1511
1 1133
1 1690
1 1598
3 1441 1674 710
3 124 1927 1396
1 760
3 1015 2013 1958
3 175 200 1425
1 249
1 186
1 1723
1 1787
3 664 752 1228
1 1337
1 1374
1 1813
1 480
1 350
1 1029
3 1320 582 374
3 1726 751 781
1 654
1 1241
1 819
3 1216 818 790
1 459
1 1729
1 1196
3 1028 1383 1121
1 114
1 1814
1 1104
1 1249
1 598
3 891 1919 865
3 1138 1492 431
1 533
1 903
1 364
1 129
3 1246 1743 1217
3 966 150 607
3 610 1261 355
1 483
3 273 2033 1852
3 403 68 319
3 1694 1509 47
3 1467 2037 208
3 1467 1321 1505
3 1018 316 625
1 1206
3 1434 1916 471
3 969 334 1170
1 1890
1 431
3 1075 450 1412
3 674 184 717
3 661 908 1889
3 131 1411 122
1 1644
3 991 649 1549
1 35
1 1374
1 259
1 641
3 1821 1644 1668
1 875
1 1124
3 681 1955 919
3 1341 679 391
3 829 593 1998
1 1384
3 1359 1736 1917
1 432
3 1618 346 1807
3 659 1726 295
1 379
1 1112
3 710 180 1408
1 959
3 741 98 861
3 1873 397 657
3 600 256 298
1 1926
3 1004 457 1741
1 672
3 1047 1145 531
3 1141 1047 409
1 484
1 50
3 1479 403 1988
3 1542 654 1969
3 1569 169 916
3 1162 447 1723
1 2041
1 1848
3 1666 1297 829
3 470 1310 1677
1 143
1 901
1 1173
3 221 1468 692
1 1754
1 1514
3 535 1370 285
3 756 1239 1967
3 1140 894 571
1 599
3 200 1092 832
1 1743
1 1997
3 245 2007 299
3 1309 118 1211
3 852 1907 1159
3 994 1602 124
3 1891 127 1438
3 607 1645 1455
1 129
3 159 1458 357
1 128
1 598
3 887 358 2001
3 506 1562 436
1 1798
3 863 724 143
1 1612
3 2040 687 148
1 92
3 1396 1639 380
3 1126 120 372
3 487 1420 1598
3 1418 384 744
3 1379 1046 619
3 1512 410 1901
1 575
1 1631
3 1516 618 1999
1 985
1 572
1 1598
3 409 1213 1470
1 656
1 277
1 1183
3 1609 1056 565
1 791
1 165
3 648 1474 1236
3 769 606 1094
3 93 970 1641
3 661 179 622
1 1655
3 224 701 645
1 589
1 1188
3 1914 1430 1048
3 1476 955 959
3 306 753 1561
1 1681
1 1437
3 951 1428 1208
1 1668
3 1843 1287 1326
1 1096
3 951 874 1611
1 16
3 1232 555 520
1 965
3 24 168 1496
1 1031
3 2034 962 86
3 1603 836 1004
3 338 312 1979
3 783 1729 1606
3 689 1384 847
1 944
1 1091
3 1326 388 1662
3 682 252 2042
1 1163
3 270 368 1095
3 1968 103 1974
3 464 1626 1172
1 1629
1 1408
3 1680 570 1369
3 412 427 1469
1 1029
1 1472
3 994 681 1647
3 1035 1381 932
3 1416 1940 534
3 1456 1180 1215
1 997
3 1222 1184 1248
3 330 1113 367
3 1443 283 855
3 1216 88 1444
3 1246 217 1440
3 1904 909 984
3 1667 1144 713
3 563 636 412
3 1659 988 1120
3 733 586 730
1 1265
3 168 240 1337
3 1972 1013 219
3 583 1227 449
3 504 1993 731
3 966 1064 879
3 1351 562 1253
1 32
3 437 286 1462
3 563 1878 1659
3 330 1918 71
1 1823
3 786 1859 2018
1 1585
3 1001 209 265
1 411
3 261 801 15
3 1801 1830 634
3 498 59 1105
3 214 844 202
1 757
1 1128
1 1741
3 735 1039 310
3 365 1657 680
1 542
1 566
1 1459
3 377 65 1331
3 2035 1475 823
3 1219 813 982
1 1098
3 1994 1696 964
1 1314
3 1323 1345 761
1 1810
3 7 985 320
3 1300 491 1720
1 374
1 1376
3 1022 1963 1635
3 203 170 1798
3 306 1143 108
1 1352
1 1288
1 1243
3 458 1643 44
3 927 651 1059
3 882 1139 881
1 950
3 460 536 626
1 1337
3 793 1503 282
1 567
3 539 254 228
3 1845 1951 1358
1 1556
3 939 1274 1911
3 285 1186 1257
3 1329 1235 1148
1 1046
1 1179
1 698
3 1415 2028 1340
1 1101
3 1004 524 1769
1 1384
3 1694 2021 1251
3 617 1075 1767
3 1830 1952 1160
1 1315
1 1117
3 376 1405 1771
3 1253 1711 119
1 476
3 1326 343 301
3 1067 850 612
1 599
3 1726 1785 1676
3 30 1872 481
3 2006 1175 456
1 5
1 755
1 480
1 1093
3 1468 1937 2008
3 600 1147 1410
3 2026 769 1341
3 1623 1860 1899
1 1279
3 310 1314 1823
3 1839 1367 1678
3 498 971 1816
1 903
3 1589 1083 289
1 943
1 975
3 351 958 1733
3 295 1965 237
3 64 1986 1030
1 2005
1 1877
3 570 635 1063
3 1441 1264 1975
1 459
3 616 826 501
1 1017
1 277
1 1420
1 1743
3 1287 111 381
3 1672 513 1245
1 1723
3 1637 772 872
1 990
1 1382
3 399 573 785
1 1921
3 1220 1070 1864
1 1322
3 2047 516 288
1 997
3 823 597 1810
3 1724 178 126
1 379
3 392 461 862
3 468 40 1754
3 718 348 924
1 622
3 437 275 1020
3 1311 440 74
3 1731 545 418
1 1405
3 193 541 1429
3 1239 705 795
3 537 1813 2020
1 491
3 150 1650 110
3 612 1500 413
3 222 2027 830
3 1047 518 1535
3 1475 901 678
3 1624 192 882
1 1301
1 1041
3 995 1519 644
1 881
3 1530 1218 336
1 1085
1 1058
3 593 1188 1192
1 1633
3 1763 1277 142
1 1186
1 1257
3 332 281 1778
3 29 466 1278
1 1304
1 1452
3 1903 365 1513
1 908
3 1068 1867 426
3 184 1725 522
3 1398 888 1763
3 452 553 974
3 708 89 735
3 671 1805 1705
1 132
1 1544
3 1209 1315 1241
1 165
1 847
1 284
1 977
3 766 895 26
1 1950
1 1079
1 1508
3 296 185 1829
3 1371 1735 1727
3 1369 1060 1684
3 987 284 533
3 1910 1563 433
3 332 1906 1531
3 1959 938 398
3 989 1201 1948
1 641
3 1057 646 1152
1 455
3 1149 2000 949
3 1390 1571 387
1 15
1 524
3 1149 1648 1427
1 179
3 1869 1254 207
3 2024 741 623
3 562 822 1837
3 694 1953 1997
1 774
1 331
3 776 1407 1523
1 1184
1 17
1 16
1 116
1 1682
3 1939 845 631
1 1977
1 955
3 1345 546 1168
1 1607
1 907
1 773
1 935
1 444
3 987 1982 1556
3 485 819 992
3 835 385 479
1 1146
3 1998 667 1029
3 183 1117 1633
3 1632 1404 1961
3 65 630 989
1 1584
1 2002
3 1292 1826 1577
1 1979
1 1002
3 807 1685 1946
1 2
1 146
3 659 1363 296
3 41 961 314
1 188
1 1291
1 1058
1 942
3 1794 1424 69
3 570 2014 263
3 900 1133 609
3 297 1984 1595
3 1168 817 63
3 126 1495 594
3 1540 353 1044
1 619
1 1110
3 2026 993 835
1 1400
3 989 1394 1529
3 702 827 1435
1 1887
1 1066
3 1967 401 1915
3 1005 287 1072
1 1194
1 667
3 1994 162 740
3 1057 1153 274
1 112
1 1606
3 1988 268 223
3 837 793 1803
3 648 1909 1395
1 1640
3 1102 193 1800
3 2019 999 1664
3 701 231 454
1 529
1 703
3 1903 1783 210
1 1592
1 1537
3 630 1718 595
1 654
1 1056
1 451
1 429
1 1151
1 1155
3 1967 1088 340
1 1480
1 1294
1 1949
3 1894 699 1679
3 33 213 359
1 714
3 695 1750 172
3 957 1109 1538
3 516 363 1043
1 556
1 1665
3 1303 1856 1234
3 650 1225 1950
3 645 789 1350
3 1468 1854 1281
1 344
3 783 132 361
3 891 1724 1910
1 395
1 1520
3 94 1036 1794
3 1506 201 1142
1 445
3 136 1291 556
3 645 1156 307
3 1609 52 1782
1 1997
3 1795 226 112
1 1823
3 203 589 907
1 892
3 1822 1322 1129
1 1813
1 82
3 1089 107 1032
3 1168 1764 1069
3 126 1858 371
1 96
3 482 1346 1432
3 756 482 784
3 675 1930 814
1 843
3 1311 1364 1118
3 1666 1033 1966
3 485 1926 662
1 1608
3 957 1074 972
1 1970
1 60
3 99 1058 1814
3 1479 1467 190
3 1027 1802 1795
3 692 1487 726
1 249
3 1758 85 269
3 351 1834 386
1 1573
3 1000 808 1050
3 1922 508 737
1 1871
1 1062
3 1086 864 1376
1 457
1 1771
3 630 1465 1989
3 1033 1209 1390
1 1318
3 405 390 243
1 1663
3 200 244 404
1 1293
3 1388 1005 261
3 1963 1888 1042
3 1506 1488 1583
1 387
1 621
3 29 1600 1651
3 193 1402 1409
1 1054
3 1998 1572 867
3 552 1855 2022
1 325
1 639
3 1231 1646 28
1 1322
1 1405
1 724
1 1090
1 1720
3 980 92 1179
3 899 600 273
3 663 1693 1178
1 1412
1 160
3 776 857 809
1 180
3 1341 1038 1691
3 1783 615 1759
3 775 2035 1603
3 2047 1434 927
1 1484
1 985
3 1649 1876 1114
3 823 510 1776
3 969 866 1065
1 457
1 1984
1 1537
3 1803 1351 1497
1 1947
3 1345 1189 786
1 116
3 1628 498 78
1 341
1 1248
1 1262
3 799 325 923
1 1872
3 573 1162 1972
1 2032
3 190 1247 1634
1 347
1 1357
1 687
1 1221
3 1071 1131 1365
1 1552
1 1200
3 873 121 979
1 1357
1 1085
1 853
3 850 1372 505
3 1602 1959 93
1 2041
3 1761 566 1062
3 106 986 1920
1 113
3 176 145 926
3 1604 1863 411
3 925 1107 768
1 696
3 1477 264 561
3 241 3 1701
1 1237
3 802 1480 1554
1 561
1 1192
1 955
1 1132
1 950
1 1571
1 1318
1 576
3 1379 113 846
1 1249
1 335
3 296 954 1809
1 910
1 640
3 993 329 492
3 1865 798 1102
3 1738 564 1568
3 58 1838 991
1 992
3 735 30 762
1 719
1 1899
1 678
1 510
1 1860
1 132
3 2027 1157 1797
1 757
1 1979
1 911
3 19 987 528
1 687
1 913
3 153 370 1026
3 1642 1825 1486
1 1511
1 1007
1 1776
1 1762
1 1344
1 1953
3 1330 843 842
3 896 1294 1084
1 981
1 935
3 487 259 696
3 470 13 983
1 212
1 942
3 1028 1140 378
3 348 1914 951
3 218 1422 1649
1 1964
3 75 1330 885
3 1425 1280 676
3 766 373 448
3 1507 32 1964
3 616 442 1722
3 602 1380 137
3 273 1510 1924
1 1460
1 1332
1 1353
1 1682
1 1644
3 1647 408 695
3 830 633 400
1 1729
1 312
1 1242
3 963 1672 1758
3 1388 2040 661
3 136 395 639
1 1768
1 1137
1 665
1 1734
3 1051 376 1938
1 347
1 843
3 106 1301 1353
3 675 1482 1694
3 1939 722 1176
1 841
1 1485
3 333 794 1461
3 1767 568 928
3 1158 262 347
3 1530 220 898
3 786 434 736
3 2040 114 931
1 1984
1 556
3 1144 628 599
3 1878 1299 51
1 1791
1 1860
1 1200
3 64 1773 138
1 369
1 721
1 1863
3 1971 1709 1567
1 1248
3 593 1146 1514
1 1182
1 61
1 484
1 1886
1 1139
1 314
3 701 1387 1271
3 1287 230 2004
3 1938 212 760
3 710 1243 745
3 177 668 677
3 771 2034 886
1 1810
3 652 1167 276
1 1719
3 408 328 788
1 1617
1 1934
1 855
1 711
1 283
3 115 1976 1406
1 5
3 1425 560 1770
1 758
3 1215 688 1055
1 444
1 1646
1 279
1 745
1 952
1 917
3 1181 22 160
1 1877
1 96
3 1674 238 758
3 1528 1850 475
1 1442
3 761 887 1994
3 617 203 537
3 1189 1431 423
3 1359 415 684
3 210 1336 691
1 711
1 204
3 260 689 84
1 1225
1 1768
1 1949
1 317
1 226
1 773
1 1353
3 1927 435 1223
3 253 1012 1699
3 33 1747 1642
3 221 1732 552
1 728
3 183 1804 1093
3 1836 351 585
3 290 1817 156
3 1962 1270 495
1 1597
1 672
3 1240 526 1695
1 714
3 453 550 1593
3 925 797 934
1 1630
1 1356
3 79 1716 1746
3 909 1413 338
3 1378 563 966
3 175 1419 332
3 535 663 1761
3 968 1259 134
3 478 430 1210
3 1618 2038 1325
3 224 939 1305
3 1930 604 742
1 959
3 1732 920 1831
1 1920
1 1663
1 709
1 2017
3 482 1547 1627
3 500 869 1608
1 1721
3 521 100 1882
1 374
3 1635 198 446
3 90 1832 1087
3 718 1141 1842
1 262
1 977
1 1617
3 1756 1392 1822
3 769 978 1879
3 636 2010 1599
3 671 56 930
3 261 548 1221
3 1220 1150 1713
1 1400
3 1039 1622 50
3 1891 1812 627
3 1638 1762 1112
3 124 1978 1637
1 923
3 288 20 1263
1 944
3 1586 429 1460
1 1045
3 860 854 1490
1 911
3 1363 1558 4
3 984 57 1491
1 1192
3 1477 1382 480
1 1136
1 1356
1 491
1 361
1 1863
3 190 946 601
1 725
1 1023
3 610 1666 775
3 1008 997 698
1 283
3 1738 1923 414
1 972
3 623 1348 1614
1 1265
3 521 530 1290
3 1658 1323 891
3 377 2047 995
3 860 956 327
1 1977
1 40
1 554
3 1496 643 1110
1 1953
3 798 1566 557
3 89 578 183
1 1077
1 892
1 1090
1 1283
3 89 41 980
3 131 953 1928
3 1902 1205 1489
1 212
1 1179
1 1228
1 431
1 104
3 578 104 503
1 1792
3 2034 796 1790
1 1376
1 559
3 1371 255 1905
3 1507 1066 841
1 1595
1 1031
1 114
1 554
1 1585
1 1745
1 1423
1 170
3 478 624 683
3 1846 167 158
1 1165
1 128
1 279
1 481
3 1528 1933 1983
1 1982
1 1072
1 144
1 1633
1 582
3 245 489 1748
1 1601
1 264
1 1272
3 652 174 1545
3 1036 1368 1840
3 1963 1619 1835
1 1483
3 888 805 1111
3 1297 1122 1957
1 1161
3 870 815 1077
1 1178
1 217
3 968 821 1493
1 609
3 1938 1130 1877
3 1587 2 1612
1 1096
3 1878 614 1502
1 1178
1 867
1 524
3 1975 1442 1661
1 1804
3 94 2006 764
3 879 1021 2025
1 146
3 835 904 1108
1 61
3 309 1700 291
1 1601
3 1586 1921 455
1 1715
1 395
1 1286
1 1754
1 2032
1 2005
3 1125 1751 897
3 741 438 66
3 1779 1892 1628
3 1910 671 490
3 1496 1334 2044
1 1377
1 390
3 1605 642 1415
3 1637 1464 45
3 1162 1151 484
1 1315
1 727
1 1787
3 1067 333 1512
3 1799 1578 1499
3 1064 337 1808
1 1554
3 1071 1343 87
1 1964
1 1524
1 565
3 516 2015 80
3 1383 1463 23
3 99 1996 638
1 1154
3 355 260 1756
1 144
1 169
3 1305 1806 1841
3 1269 529 1377
1 243
1 1077
3 405 721 605
3 270 806 1766
3 782 1824 1793
3 546 608 525
1 1690
3 1927 1811 1521
3 433 1689 588
1 1788
3 1300 1886 1237
3 1331 1307 782
1 104
1 1452
3 1040 1954 918
3 1957 1768 95
3 1264 277 725
3 1 610 1016
3 1331 1922 330
3 1261 1388 19
3 1589 1973 1739
1 1165
1 1782
1 869
1 1769
1 1437
3 1121 1034 1543
1 1791
1 1636
3 1134 1312 810
3 1329 141 825
1 402
1 1091
1 1591
1 455
1 188
1 703
3 1836 860 511
3 1628 1311 1902
3 1089 1010 1308
1 1788
1 1460
1 1225
3 452 27 660
1 519
1 1177
3 1016 399 1068
1 1612
3 1623 369 129
3 500 559 2029
1 1335
1 1721
3 271 1590 1821
1 1196
3 1443 451 459
3 192 1090 665
1 1720
1 1782
3 1624 485 99
3 1966 957 488
3 433 6 77
3 537 116 1054
3 192 1704 194
1 483
3 702 352 890
1 450
1 1567
1 432
1 839
1 609
1 1294
1 1360
1 1291
1 1947
1 1316
1 1011
3 1087 1522 1450
3 393 497 792
1 189
3 1419 1527 1654
1 1117
3 1904 617 1441
1 145
3 1160 58 224
1 758
3 577 572 1194
1 481
3 290 1339 2023
3 1078 2046 1397
3 120 483 876
1 760
1 698
1 1382
3 1731 1564 1100
3 1008 1734 1520
1 1629
1 686
1 143
1 1620
1 170
1 640
1 597
3 1794 1534 53
3 159 420 1250
1 1352
3 852 655 747
3 213 848 739
3 338 910 1636
3 1756 339 500
1 719
3 577 364 1283
1 582
1 542
3 239 716 507
1 575
3 1087 1447 37
1 52
1 928
3 1822 672 1682
3 19 1269 1158
3 634 1865 994
1 1693
1 1182
1 908
1 186
1 1262
3 1297 1181 1757
1 1056
1 31
3 669 130 700
3 1476 640 950
1 1252
1 846
1 867
1 1009
3 829 650 7
3 1416 182 1613
3 1747 1116 496
3 1802 1338 463
1 1661
1 1485
1 259
3 1324 878 362
3 799 1791 1584
1 1681
1 189
3 1320 60 1610
1 383
1 638
1 1709
3 453 685 1548
1 163
1 240
1 1084
3 1503 1539 1731
3 713 1206 1508
1 986
1 467
1 300
3 460 527 171
1 287
1 215
1 1228
3 585 1857 1389
1 1184
3 1959 1282 1579
3 1292 2045 1174
1 1054
3 1068 24 465
3 1197 1466 1673
1 1798
3 863 517 774
1 445
3 1724 521 1799
1 801
3 1413 1183 1949
1 226
1 1221
3 168 163 1592
3 1039 1721 1352
3 1482 1772 1478
1 1097
3 1323 222 1843
3 900 1252 1279
3 310 629 976
3 886 515 748
3 247 49 1327
3 348 1528 389
3 1398 460 1001
1 1804
1 976
3 1102 1738 64
1 1552
3 288 1207 1669
3 1638 128 729
3 967 1454 1226
1 180
1 523
3 1215 151 1710
1 1709
3 1240 1517 1386
1 503
1 1098
1 317
3 885 576 1260
1 1344
1 82
1 202
1 605
1 1003
3 1569 1031 1256
1 628
3 1777 242 509
3 1197 905 1306
3 865 1219 1359
1 931
1 1188
1 916
3 184 1224 102
1 72
1 1538
3 408 1099 1753
3 1740 1079 763
1 906
1 1084
1 728
1 1630
1 97
1 727
1 801
1 1238
1 1775
1 92
3 607 1616 313
1 1011
3 84 1265 590
3 1134 767 123
1 1066
1 1360
1 1871
3 785 297 1195
1 1741
3 271 1086 1246
3 1138 1452 444
1 1062
3 1833 326 12
1 421
3 372 727 82
3 717 1752 1399
1 839
3 1542 1690 965
3 1378 1028 233
1 551
1 842
1 1608
1 320
3 1497 1516 921
3 511 1414 889
1 973
3 403 580 10
3 1758 81 232
1 1950
1 1872
3 1667 1119 1379
1 463
2030
442
423
326
569
1321
543
1551
1339
1159
890
1273
983
1645
2021
1781
1282
2042
119
1255
937
1201
1500
680
2000
726
1340
883
384
1470
181
1701
594
1759
286
1656
2025
1614
699
2013
1669
257
649
1718
1561
448
1230
772
1702
624
461
1469
1760
1578
1562
1716
816
195
161
1858
615
1883
346
1942
1026
167
934
948
413
1394
808
130
611
2008
1114
156
49
1462
0 0
