1024 64
1 746
1 339
3 931 641 28
1 662
1 277
1 844
1 468
3 300 555 568
1 414
1 482
1 495
3 242 639 337
1 343
3 887 1013 381
1 715
3 978 626 907
3 1001 973 704
1 58
3 804 151 81
3 690 536 566
1 320
1 475
1 1003
3 266 541 802
1 703
1 725
1 703
3 3 932 885
1 301
3 364 799 79
3 372 729 248
1 495
1 868
1 743
3 930 578 942
3 473 434 851
1 594
1 1015
1 861
3 380 335 180
3 1010 521 206
1 577
3 439 963 580
1 818
1 965
3 365 423 873
3 647 297 472
1 111
3 807 563 139
1 403
3 893 783 213
3 398 773 117
1 168
3 73 666 972
1 615
1 543
3 410 606 891
3 604 18 286
3 327 161 516
1 388
1 204
1 489
1 988
3 410 610 727
3 1010 257 699
1 547
1 990
3 942 173 864
3 205 758 836
3 825 804 486
3 909 843 692
3 305 530 888
3 124 662 54
3 991 845 334
1 484
1 696
3 160 111 636
1 872
1 30
1 751
3 19 850 352
1 352
3 467 855 784
1 369
3 1001 774 522
1 105
3 437 652 144
3 569 256 95
3 838 382 588
1 522
1 534
3 631 266 466
1 219
3 678 740 676
3 88 365 125
1 359
1 278
3 476 974 599
1 347
3 812 165 880
3 298 859 818
3 938 526 500
1 679
3 325 632 853
3 528 586 86
3 833 693 581
3 780 998 196
1 573
1 172
1 811
3 77 48 815
3 152 233 304
3 367 681 618
1 122
1 421
3 554 612 141
1 52
1 642
3 760 221 325
1 818
3 803 372 584
3 593 984 114
1 990
3 631 73 634
3 95 246 553
3 646 1023 272
3 643 677 282
1 218
3 254 831 621
3 713 195 467
1 323
1 676
1 558
1 926
1 850
1 478
1 960
1 918
1 49
1 374
1 116
1 701
1 661
3 87 542 714
3 437 946 323
1 442
1 706
3 635 978 251
3 199 769 197
1 964
3 19 422 965
3 766 112 364
1 553
1 170
3 876 759 407
3 752 750 871
1 568
3 365 226 989
3 593 945 224
3 633 593 77
1 59
3 449 679 918
1 445
3 807 395 376
1 100
1 412
3 833 983 638
3 544 53 884
1 777
3 325 384 154
1 636
3 515 109 344
1 68
3 567 637 274
1 278
1 530
1 684
1 371
3 780 969 840
3 40 771 559
1 662
3 430 797 735
3 1006 462 443
1 389
3 538 189 496
1 288
3 195 663 936
1 856
3 185 511 520
1 623
1 383
3 809 332 781
1 902
1 615
3 130 645 187
1 107
3 149 310 446
1 320
3 686 149 405
3 810 668 813
3 329 886 962
1 973
3 361 964 458
3 466 216 61
3 239 69 642
3 41 718 673
1 268
3 494 953 481
1 223
3 832 217 911
3 1006 841 1014
1 565
3 51 670 1000
1 871
1 340
1 204
3 210 594 400
3 476 925 128
3 622 741 93
3 920 819 838
3 119 966 524
1 774
3 606 209 754
1 159
3 639 931 1010
1 158
3 625 657 1008
1 655
1 889
1 908
3 730 909 848
1 504
3 112 598 762
1 613
1 734
1 257
1 636
1 530
3 690 643 205
3 242 510 994
1 704
3 329 12 240
1 767
3 439 821 640
3 633 490 1017
3 125 748 995
1 770
1 31
3 816 703 944
1 888
3 148 902 308
3 783 470 585
3 713 744 1005
3 962 426 129
1 688
3 88 435 398
3 65 236 694
1 850
3 386 795 997
3 380 415 764
1 817
1 740
1 565
1 573
1 504
3 92 778 24
1 775
3 637 602 207
1 323
3 405 857 316
1 701
1 126
3 390 432 761
3 174 371 889
1 304
1 589
3 584 5 498
3 356 97 175
1 400
1 375
3 305 556 715
1 127
1 447
1 379
3 456 892 739
1 58
1 389
3 532 450 186
1 408
1 343
1 535
1 868
1 577
3 536 1002 820
3 991 879 353
3 912 331 445
1 47
3 771 494 101
3 418 830 582
3 948 431 8
3 327 786 29
1 589
1 967
3 112 275 436
3 756 281 72
1 484
3 893 554 695
3 251 878 890
1 743
1 197
1 877
1 378
1 929
3 693 870 940
1 726
1 270
1 888
1 617
1 775
3 406 198 21
1 779
1 999
3 145 269 131
1 445
3 119 170 104
3 356 519 575
3 361 301 59
1 867
3 746 201 242
3 695 596 485
3 296 691 952
1 192
1 623
1 74
3 40 803 690
1 444
3 12 756 1021
1 605
3 669 2 377
3 1005 215 509
3 730 1012 604
1 842
3 418 290 13
1 172
1 1000
1 600
3 490 99 572
1 675
1 570
1 965
3 578 981 898
3 81 82 513
1 295
1 881
1 883
3 831 278 326
1 555
3 886 832 833
3 532 711 96
3 523 417 808
3 804 327 203
3 466 702 393
1 929
3 152 30 574
3 95 46 158
1 715
3 764 113 678
1 461
3 1017 84 910
3 764 793 752
3 274 178 798
3 121 31 414
3 930 548 1006
3 887 140 420
3 467 280 928
1 164
1 339
3 1022 312 527
3 638 772 284
3 937 260 40
1 14
1 89
3 554 828 191
1 170
3 413 939 835
3 621 883 259
1 551
3 548 733 60
3 536 184 287
3 491 706 273
1 871
1 872
1 362
1 518
1 164
3 876 454 587
1 463
3 256 52 399
3 398 894 448
3 217 279 882
1 422
1 645
3 934 917 50
3 808 738 475
3 199 872 270
3 654 320 421
1 155
3 618 525 289
1 999
3 614 57 64
1 865
3 647 166 488
3 931 696 385
3 372 700 9
3 260 635 760
1 551
3 360 506 991
3 621 299 343
1 558
1 374
3 406 660 115
3 151 401 916
1 46
1 1015
3 816 682 806
3 254 913 471
3 435 549 755
1 670
1 988
3 603 182 775
3 300 688 858
1 273
1 774
1 36
3 256 438 427
1 304
3 1021 145 87
3 435 993 583
3 471 43 244
1 856
1 524
3 544 823 146
1 183
3 604 336 709
3 296 324 163
1 197
3 693 283 789
1 399
3 803 938 162
1 288
1 839
1 655
1 458
1 396
1 704
3 479 461 285
1 960
3 203 453 497
1 926
1 881
3 456 368 980
1 183
3 671 397 914
1 522
1 521
3 92 362 204
3 130 375 83
3 618 7 979
1 975
1 252
3 426 439 656
1 47
3 539 975 36
1 489
3 404 959 22
3 829 98 218
1 933
3 911 136 697
3 486 456 732
3 760 544 791
1 208
3 838 10 493
1 682
3 649 75 306
1 330
3 70 479 491
1 641
1 412
3 545 474 62
3 245 347 565
3 486 390 897
1 750
1 482
3 298 208 868
3 584 11 32
3 185 1016 1011
1 458
1 277
1 529
1 102
1 556
1 854
3 603 990 570
3 650 265 232
1 859
3 417 767 529
1 1008
1 811
1 340
3 240 869 948
1 189
1 570
1 352
1 574
3 1019 854 172
1 59
1 652
3 810 564 394
1 326
1 189
3 41 465 630
3 85 464 90
3 886 920 360
3 221 763 441
1 408
1 102
1 378
3 611 105 684
3 506 834 499
3 72 176 238
1 738
3 654 288 359
1 778
3 812 91 683
3 695 291 576
3 20 294 389
1 540
3 567 934 185
3 869 669 473
3 911 537 710
1 24
1 144
3 848 56 875
3 480 442 168
3 793 725 489
3 744 800 863
3 717 951 66
3 373 388 589
1 427
1 628
3 848 387 416
1 665
3 125 153 749
3 307 116 383
3 8 794 357
3 281 501 985
1 906
3 649 133 419
3 180 986 829
1 696
3 1018 960 613
1 973
1 49
1 518
3 490 212 263
3 20 751 929
3 896 538 174
3 8 805 157
3 825 893 88
3 503 512 349
1 842
1 347
3 669 264 108
3 364 961 514
1 326
1 535
3 897 293 42
3 35 1015 351
1 645
1 43
3 106 770 842
1 299
1 438
3 121 277 495
1 252
1 105
1 396
1 89
3 548 276 302
1 723
3 938 950 653
1 858
3 160 159 122
3 217 787 37
1 839
1 330
3 634 687 753
1 233
1 98
3 1022 346 971
1 889
1 268
3 756 430 503
3 341 58 444
3 622 338 719
3 57 844 223
1 902
1 765
3 912 623 903
3 64 615 861
3 766 528 717
1 116
3 561 987 234
3 924 410 730
3 610 194 55
1 919
3 809 318 721
3 113 408 468
1 734
1 751
3 129 418 386
3 625 605 219
3 609 333 190
1 865
3 1021 227 622
1 16
1 933
3 791 550 901
1 967
1 521
3 639 92 124
1 104
3 994 245 160
3 124 926 597
3 415 1001 148
3 77 237 171
3 174 268 865
3 167 867 379
3 12 225 631
1 244
3 3 976 487
3 205 664 118
3 239 127 856
1 918
3 195 579 402
3 986 126 765
3 678 47 412
1 903
3 1019 558 484
3 831 504 661
1 684
3 87 968 517
1 591
3 686 532 406
3 744 228 452
3 471 811 849
3 227 927 724
1 675
1 861
1 421
3 650 143 837
3 73 4 181
1 187
1 642
3 727 552 860
1 54
3 937 825 924
1 200
3 539 339 573
3 213 428 776
3 793 675 463
1 682
1 206
1 849
3 671 348 658
3 94 745 132
1 127
3 367 647 94
3 162 698 103
1 877
3 113 726 734
3 425 672 483
1 534
3 528 177 651
1 1020
3 896 654 199
1 597
3 431 921 255
1 824
3 335 239 20
1 331
1 71
3 106 314 447
1 257
3 307 330 535
3 413 76 560
1 478
1 679
3 65 790 866
1 414
3 915 271 142
1 362
3 249 25 27
3 17 455 241
3 783 970 1007
3 390 147 747
1 883
1 919
1 444
1 540
1 359
1 854
3 792 130 253
1 144
3 281 366 15
1 908
3 611 1020 547
1 206
1 605
1 757
1 617
1 1020
3 819 788 590
1 657
3 545 742 26
3 681 315 1004
3 64 665 988
1 846
1 31
3 614 341 231
1 846
3 479 919 1003
1 388
3 681 235 619
1 182
1 806
1 778
3 404 531 827
1 285
3 94 262 955
1 219
1 725
3 1017 309 34
3 253 546 655
1 676
3 1 937 329
1 706
1 246
1 553
3 156 922 492
3 566 80 620
3 370 156 1022
1 597
1 223
1 427
3 337 305 603
3 909 935 720
1 69
1 155
3 415 119 480
1 273
1 233
1 524
3 260 370 367
3 646 608 782
3 792 152 611
3 506 243 1024
1 1008
3 149 847 814
3 581 941 247
3 180 298 1018
1 379
1 52
3 85 222 433
3 430 267 319
1 670
3 891 169 943
3 266 737 533
3 1012 862 321
3 986 179 107
1 192
1 765
3 51 252 705
1 83
1 859
1 301
1 594
1 723
1 447
1 699
3 480 628 881
3 962 713 766
3 370 671 545
1 555
1 259
1 944
1 182
1 371
1 30
1 546
1 946
1 24
3 335 449 121
3 70 361 19
1 568
3 425 956 736
3 1018 164 49
3 360 404 812
3 913 617 192
3 895 518 200
3 656 508 110
3 808 100 534
1 200
1 769
1 111
3 832 425 249
3 983 949 261
3 101 120 44
3 220 846 723
1 294
1 244
1 964
1 442
3 915 826 689
3 667 70 569
1 824
1 738
1 383
3 559 915 476
1 299
3 129 650 356
3 358 816 210
3 358 167 106
1 529
1 385
1 69
1 661
3 220 89 482
3 1005 595 451
1 179
1 211
3 581 571 342
1 71
3 606 923 6
1 74
3 819 731 728
1 769
3 231 543 551
3 656 674 905
3 81 258 135
1 36
1 966
1 104
3 515 502 712
1 83
3 643 188 440
1 270
3 431 874 592
3 101 505 785
1 665
3 610 659 39
1 779
1 546
1 68
3 637 411 624
1 699
3 638 328 1009
3 494 33 292
3 510 539 1019
1 314
3 156 214 391
3 405 78 392
1 46
1 858
1 543
3 895 396 155
3 934 680 311
1 308
1 295
1 100
3 791 354 460
1 400
3 386 355 707
1 168
1 28
3 201 358 523
3 913 14 374
3 72 317 250
3 274 601 229
1 308
3 57 908 777
1 285
3 569 51 307
1 399
3 920 876 810
3 924 686 567
3 491 999 577
1 351
1 996
1 975
1 628
3 251 193 607
3 609 648 992
1 946
1 849
3 983 557 982
1 16
3 891 230 716
3 231 71 757
1 369
3 210 478 540
3 948 609 296
3 426 809 887
1 463
3 829 824 701
1 422
1 403
3 162 644 138
3 732 616 708
3 523 220 895
1 688
1 750
1 844
3 667 896 614
1 218
3 634 459 134
1 657
1 375
3 566 313 363
3 994 373 35
3 225 413 3
1 28
3 942 477 627
3 538 403 877
1 757
1 187
3 746 380 667
3 449 102 591
1 385
1 314
1 770
3 35 68 933
1 777
3 249 977 796
1 159
3 145 904 801
1 996
3 510 912 300
1 817
1 591
1 547
1 331
1 208
1 966
1 740
1 806
1 1003
1 1000
1 475
3 561 457 137
1 574
3 201 792 254
1 43
3 203 822 150
3 151 350 45
3 221 954 852
3 978 303 629
1 652
1 179
1 705
1 600
1 54
3 17 562 202
1 98
3 473 900 469
1 641
1 944
3 148 16 967
1 468
1 461
1 351
1 906
3 167 906 817
1 122
1 556
3 559 780 646
1 613
3 727 63 429
1 158
3 503 123 67
3 417 74 295
1 903
1 438
3 240 633 930
1 246
3 1012 947 899
1 259
1 107
3 897 409 322
3 213 958 345
3 635 85 17
1 294
3 732 957 23
1 726
3 253 839 340
3 373 183 211
1 705
3 227 768 507
1 867
3 225 41 65
1 496
3 341 779 996
1 14
1 211
3 578 38 424
1 496
3 245 743 369
3 771 561 807
3 869 515 649
3 717 685 722
3 337 437 625
3 752 378 600
1 126
1 767
586
830
450
147
677
847
786
612
243
843
800
945
954
348
917
797
672
904
333
76
737
318
38
963
457
922
502
729
862
953
401
923
731
927
194
733
626
99
826
823
368
2
4
969
526
501
993
579
602
454
557
423
470
315
787
531
465
297
598
222
1002
921
870
265
0 0
