8192 100
1 3398
1 383
3 3717 661 7251
1 2369
3 3884 5885 4869
3 8148 3625 2671
1 7866
1 4037
1 763
3 2491 2606 4451
1 835
3 1632 725 8122
3 3927 5814 1534
3 711 951 4689
3 3335 3131 1238
3 7395 1572 2908
1 45
3 2611 7398 1734
3 6320 4694 6515
1 7811
1 5005
3 170 670 4722
3 5382 5816 5430
1 7778
3 4735 4850 6205
1 649
3 185 7257 1487
1 4841
3 6532 6111 386
3 6833 6654 488
1 7579
3 7839 1174 7934
3 3015 7593 7177
3 958 555 5094
1 580
3 4294 4997 5499
1 880
3 4856 8002 4504
3 3858 4812 6807
1 2911
1 5656
3 4392 1063 2763
1 1699
1 3332
3 2100 17 7220
3 488 2896 1249
1 2209
1 2257
1 4591
1 2473
3 2191 7494 7513
3 4440 5771 4175
1 3259
3 551 3535 4085
1 6992
3 3347 7942 2373
1 3190
3 1527 8087 1622
3 7766 4920 3645
1 1617
1 7248
1 6644
1 7738
3 4808 2318 5564
1 5843
1 5333
1 6395
3 7749 4354 4549
3 2129 8055 6132
1 2125
3 4567 5762 1370
1 7484
3 7603 3436 2101
1 1026
3 6659 4232 2868
3 1637 3565 2585
1 4546
1 5328
3 2202 2503 7401
3 1307 1135 1456
3 902 7140 4295
1 3395
1 5294
3 2926 2510 1587
1 2473
1 4803
1 5055
3 2481 7425 4326
1 7815
1 4104
1 2805
3 3138 6759 2942
1 2209
1 2815
1 3213
1 3862
1 453
1 1708
3 6843 1915 4290
3 3044 7706 4656
1 5675
3 3236 5887 2965
1 2135
1 377
3 7536 1177 2803
1 6137
1 1165
1 2727
1 5591
3 1724 768 143
3 3690 1749 237
3 3169 2804 5649
1 5770
1 7150
3 5468 3452 3615
1 3026
1 3352
1 1073
1 1533
1 1309
1 2389
3 4177 3293 3376
3 2884 2534 2346
1 2958
3 6545 4739 2702
3 7849 771 7236
3 857 4463 7434
1 3421
3 3755 7715 7645
3 922 289 8161
3 3014 2071 2695
1 4086
1 8011
3 7302 3740 7265
1 4324
3 7412 5266 7886
1 2799
3 5625 4032 6399
1 7036
3 4471 1108 266
3 2086 2078 2846
3 2289 4151 6776
3 110 2628 870
1 3365
1 7172
1 4113
3 5027 8172 4539
3 403 3007 5193
1 5126
3 320 5884 1287
1 1288
3 579 6117 342
3 239 5497 2551
1 6382
3 7052 1969 2724
3 399 7611 6878
3 4581 4182 1790
1 3405
3 7225 6157 7935
1 3514
1 3249
3 5016 3006 604
1 4219
1 6179
3 2430 7532 800
3 1063 6780 7170
3 395 3399 4585
1 1186
3 545 1013 6650
3 3697 22 7445
1 720
3 4256 4162 3755
3 305 2186 1968
3 2197 4404 296
1 1587
3 759 375 3733
3 6455 3093 2091
3 4975 1539 7025
1 7602
3 1099 7145 1816
3 5115 6649 7543
1 3126
3 514 4666 5272
3 5931 3743 6723
3 1289 2500 27
3 352 2059 7618
3 759 8175 5860
1 2704
3 5618 6217 777
1 2551
3 6617 6283 2378
3 2607 5283 6848
1 6680
1 449
3 624 3591 3898
1 7500
3 1468 5811 2453
1 2938
1 484
1 6094
1 2973
1 7563
1 3931
1 1960
1 4563
3 7225 3191 3407
3 6841 1551 1543
3 4330 4720 8041
1 5665
3 1635 5679 5008
3 1392 6331 8142
1 3361
1 2118
1 883
3 1218 982 6419
3 5326 3057 869
1 7232
3 724 2487 4571
3 5544 7634 1278
1 7980
1 7729
1 4612
3 2530 1888 428
3 875 1934 1485
1 8062
3 7216 1046 6425
1 7480
3 5727 4985 6433
1 981
3 3264 818 4681
3 753 1073 4062
3 3555 7933 6453
3 7376 2066 4864
3 579 8108 4567
3 7352 5336 1226
1 2328
1 111
1 1056
3 1601 153 4352
1 1421
1 5803
3 5178 4978 8171
1 8147
3 5830 5565 2992
1 7391
1 5622
3 7092 7104 1546
3 3857 5426 5449
3 2043 6446 5147
1 906
1 6238
3 1637 359 5000
3 3429 802 274
3 682 4315 7020
1 3493
1 6729
1 6995
1 2941
1 5964
3 5174 4483 5151
1 1180
1 1068
3 6666 5453 3425
1 2157
1 4929
1 140
3 4154 5118 5165
1 1743
1 2613
1 2319
1 8087
3 3029 6977 740
3 1329 2333 5322
1 253
1 7495
3 1172 2570 4405
1 3657
1 2650
3 1169 6167 353
1 7942
1 8181
1 8171
1 986
1 4781
1 2032
1 3636
1 6336
1 2906
1 130
1 7427
3 5523 1460 1698
1 3402
1 3576
3 3004 6436 2957
1 5085
3 174 6410 1810
3 7029 6980 6843
3 7982 376 7017
1 4826
1 2016
3 5318 3324 5577
3 4352 7509 7955
3 1105 6250 6129
1 825
3 3823 4042 173
1 4697
3 3760 4987 2927
3 1433 5641 561
1 7303
1 4394
1 4602
3 3807 435 2988
1 1456
3 3880 8147 3612
3 7110 1396 4835
3 5748 7448 2190
3 7009 2343 4605
1 4231
1 4331
3 6020 150 1029
1 5806
3 3415 1983 7646
1 7324
3 1959 1158 6512
1 2284
1 2206
3 5538 2997 399
3 2773 2284 5949
1 1351
1 7241
3 6630 5472 4454
1 6266
3 3582 4429 3728
1 7530
1 848
3 807 7792 1204
1 371
3 5465 4784 1804
1 969
3 2362 1667 5435
3 977 3243 5089
3 152 4941 3938
1 1378
3 4168 4851 3545
1 6797
3 2207 510 1292
3 572 2659 8116
3 744 7855 2913
3 6721 1476 6404
1 6651
1 8061
3 5463 186 4948
3 279 8120 2786
1 8014
3 2776 2994 2889
1 7777
1 1873
3 1642 4643 7267
3 252 585 1272
3 7419 3034 2296
3 4260 7180 952
3 6186 6489 5629
1 7215
3 8109 3585 2929
1 8073
1 6008
1 2379
3 6618 4559 2306
3 6666 5962 6597
3 3698 3160 390
3 6326 337 1294
3 5265 2114 6603
3 3257 3433 5432
1 5851
1 176
1 298
3 3490 104 1215
1 6626
1 839
1 712
3 6632 5731 3971
3 6839 5710 5624
3 6545 2 394
1 1041
1 1435
1 29
3 774 7974 2084
1 6932
3 7460 2658 4547
1 370
3 7726 3714 4105
1 2022
1 7841
1 383
3 5248 167 783
1 4592
1 5873
3 2737 4905 4334
3 327 156 1879
1 956
3 6856 3843 901
1 3292
3 5753 7961 148
1 4745
1 6346
1 5551
3 1220 7851 2344
3 5033 4170 5197
1 997
1 5464
3 545 7827 1493
1 4577
1 5791
1 7304
3 6811 751 1802
3 2926 3798 4107
3 2133 7306 2909
1 3189
3 1517 1793 8021
1 7304
1 7183
1 7014
3 2307 2445 4236
1 3996
1 5287
1 6102
3 7317 5128 4967
3 223 1367 7533
3 3509 5152 4570
3 7945 1812 2530
3 2821 1773 1304
1 6735
3 999 6137 3868
3 1382 7075 736
1 312
3 7125 7364 6306
3 1401 4731 1579
1 5096
3 885 5075 7530
3 7809 4884 6200
3 5764 2516 6258
3 1083 713 5968
3 7586 7417 6035
3 4254 7256 6037
1 7497
3 7750 5452 3992
1 2708
3 798 5043 6742
3 2438 3557 194
1 5984
1 5000
1 7475
3 5040 97 6736
3 6038 1151 1762
3 2362 4292 3365
1 5865
3 973 6199 5999
1 3202
3 4582 2120 5724
3 1203 1180 7037
3 1377 3792 1322
1 757
3 2062 6778 1312
1 4069
3 4631 6984 5850
1 911
3 1468 2822 6891
1 1406
3 3958 2400 1919
3 5192 2871 6465
1 5925
3 2907 3457 5773
3 7693 3217 2386
1 5605
1 2354
1 3538
3 1912 1419 3524
1 5257
1 7620
3 2191 3597 6552
1 4500
1 7322
1 7229
3 8111 2707 199
3 2944 4793 7368
3 3475 6138 6027
3 7611 6407 5053
3 30 4494 46
3 3242 7035 5175
3 954 5516 5098
1 4726
3 7737 1873 4500
3 6300 4153 1708
1 6505
1 7827
1 2228
3 1812 3865 3408
1 3765
1 4514
3 5544 1391 5144
3 3113 7822 3638
1 5058
3 1157 4074 1724
1 3177
3 2986 2885 3537
1 7518
3 3994 2094 6464
3 3510 5610 3856
1 703
1 346
1 2119
3 2233 2111 8101
1 835
3 8091 183 4035
3 1572 7788 1111
1 4747
3 2976 801 4277
1 6930
1 4202
3 2454 1544 5127
3 2846 3729 4741
1 1963
3 7059 3691 7971
1 4249
3 6541 3708 7577
3 4695 2340 1837
3 7764 2210 5993
1 1085
1 7610
3 4933 7873 3687
3 2335 2421 6467
3 4544 7389 3079
1 4841
1 7942
1 4447
1 6771
3 3223 4381 4891
3 2633 7679 6223
3 3928 950 7182
3 5238 7048 7914
3 3236 927 5109
1 5832
3 7114 1168 2733
1 6346
3 1375 411 169
1 6609
3 5428 4777 7326
1 2276
1 2447
3 7302 2145 1055
3 5395 7336 54
1 3255
1 3159
3 4354 3080 4199
3 34 5783 1606
1 3615
3 4075 3242 1778
1 6160
3 7744 4027 4988
3 1071 4113 1223
3 308 2226 3596
1 4792
3 6610 872 5384
1 1223
3 902 2586 4065
1 1859
1 2854
1 1421
3 7047 1088 8075
1 7133
1 4899
3 7913 347 3572
3 6621 6501 2246
1 2122
3 7476 1352 5713
3 1164 6818 8154
1 2838
3 603 1332 828
3 5018 234 152
3 4471 35 3751
1 7204
3 4237 6748 6886
3 4162 7055 7283
1 2968
1 359
3 1048 1854 7832
1 3068
3 3640 7887 2155
1 6039
1 868
3 7439 4145 5597
1 2866
3 1125 7247 6468
1 5803
3 6283 6974 757
3 7585 4618 1660
1 3800
3 1255 6678 965
3 4425 2938 3541
3 6185 4737 2735
3 1547 2564 7979
3 6752 1654 5759
3 1142 578 3566
1 162
3 3210 6259 7449
3 2963 7746 3799
3 2116 6471 4601
1 2805
1 3412
3 7995 737 5262
1 4235
3 1206 5703 2643
1 5725
3 7508 4281 1049
3 3811 4431 632
3 7276 3870 7947
1 4418
3 7000 1426 4517
1 7681
1 1533
1 5909
1 7551
1 3918
3 5813 2550 195
1 2276
3 7111 2243 2204
3 5316 4282 5373
1 8016
1 5898
3 2537 881 3290
3 1185 5153 4099
1 615
1 3627
1 6557
1 7725
1 1280
1 4500
3 3274 5311 7626
1 1698
1 7743
3 7887 7897 3255
3 1964 4992 4928
3 6419 7080 1255
3 1407 3306 1252
3 2596 6913 4806
3 3545 1894 6488
3 7438 754 829
1 3272
3 3821 6767 26
1 1475
1 5280
1 5014
1 1135
3 3792 890 784
1 7502
3 6806 3548 2574
1 7324
1 4016
3 2218 7244 1021
1 1546
3 3 6960 6828
3 6122 1964 7880
3 5374 3654 5690
3 3065 3642 6835
3 2408 2597 1276
1 2475
3 3661 5357 1431
1 7299
3 1634 7911 8166
1 22
3 5522 1927 3947
3 2109 3873 7282
3 2313 8125 5124
3 2997 3835 1452
3 7816 2740 7438
1 4147
1 7115
3 2936 6761 3913
1 1082
1 2154
3 6615 6821 955
3 3767 4747 254
1 1475
1 3868
3 6647 6124 4150
3 7822 7228 689
3 1852 2839 2162
1 2125
1 686
3 1516 4110 2542
3 7951 2001 6429
3 6905 1626 6591
1 4940
1 5129
3 7275 3469 6968
3 1998 1917 6166
1 4597
1 883
1 2381
1 4164
1 4424
3 6375 8077 7713
3 2865 509 1943
1 5329
1 723
3 6663 6065 3827
3 1904 4772 7951
1 7096
1 7418
3 8146 1507 3584
3 1410 4091 14
3 7126 380 6417
3 442 1121 1648
1 4242
1 2266
1 6893
3 1778 4623 4229
1 3075
1 3641
3 2730 171 6101
3 3954 939 2249
1 2192
3 1174 705 5528
3 7030 218 5946
3 12 3216 1326
3 2468 5306 1298
1 4138
3 3020 1745 6087
1 6238
1 6218
3 6496 3681 6528
3 4354 4912 5332
3 2667 7198 2805
3 4198 4897 3010
1 6106
3 434 5270 7779
3 610 4198 3760
1 6252
1 2668
3 272 6378 2911
1 6939
3 7077 5084 5074
3 5825 3208 7231
3 1727 4014 348
3 939 3478 7574
3 7159 6498 4530
3 7396 8113 1090
1 2656
3 1705 4911 7402
1 5992
3 415 3082 3945
3 8155 6880 5899
3 6415 231 2023
3 647 4049 2802
3 2578 785 5223
3 4815 6416 2794
3 595 6158 462
1 2619
3 791 187 176
3 4807 2115 6864
1 4228
1 2334
3 2234 3579 9
3 3988 6555 5396
3 2583 1442 1245
1 4130
1 4759
3 110 6588 2353
3 5919 2433 1709
1 2802
1 126
3 5188 7516 4703
1 6661
3 5798 387 7245
3 6491 7773 3335
1 7056
1 189
1 3829
1 2632
1 6947
3 6885 816 8047
1 7769
3 395 7349 5456
3 654 1080 6665
3 755 5870 4711
1 6045
3 3476 2491 5210
3 796 8059 3952
3 3203 2452 3762
3 3934 4179 5038
3 7533 2302 759
3 2038 6003 7784
3 1579 3788 5574
3 5981 3267 7896
1 4212
3 4435 5214 788
1 6049
3 5278 1949 448
1 6505
1 165
1 517
1 253
3 6919 4184 3600
3 8006 7457 7095
1 4907
1 5100
3 2238 336 7214
1 4188
3 2987 4796 2242
3 2002 6627 4811
3 5632 7763 5774
3 5470 3543 8089
1 6008
1 2172
1 1886
1 781
3 3132 7818 5661
1 230
1 5507
1 2172
1 5005
3 4717 846 4938
3 3881 7297 6652
3 7704 4909 6842
3 1040 1343 304
3 5881 4655 1986
1 3798
1 578
3 647 4756 5407
1 2848
1 3626
1 7991
3 1854 5006 7354
1 7491
3 5585 11 513
1 4728
3 2324 7549 7101
1 7287
3 3428 3358 379
1 1931
1 1027
1 1701
1 3482
3 5227 1828 6739
3 6608 4396 2739
1 822
3 5637 3496 6267
3 2217 7877 335
3 4003 5914 3332
1 6995
3 2138 6227 5359
1 1431
3 1022 7126 5199
1 4551
1 4628
3 4216 3717 3283
3 7275 2723 127
1 4131
1 1940
1 3011
1 1984
3 6384 1595 4129
1 6682
1 3411
1 5969
3 6811 2184 5873
1 7188
3 1581 590 2339
3 216 1900 4705
1 143
1 4756
3 563 2443 1112
1 2814
3 2357 3384 3831
3 6768 224 2459
1 3639
3 5805 3608 7641
3 7415 3530 2297
1 7598
3 7217 37 7044
3 630 4803 2748
3 2230 6717 5913
3 3420 214 698
3 2320 3902 6231
3 4489 4645 439
1 4319
1 7462
3 7726 2555 4083
3 3811 3318 5082
3 654 5715 3317
1 5259
1 5245
3 3363 2434 3796
1 6780
3 1367 5717 3175
3 3504 7655 7034
3 1018 2052 6293
3 4304 5653 5260
1 3630
3 1029 7338 7453
3 401 2127 2180
3 999 565 81
3 3956 1858 2999
1 1536
1 5092
3 4438 250 2248
1 4823
3 5902 3128 1394
1 2736
3 3265 1727 1409
3 5805 466 2034
3 1415 3528 6992
3 5831 2448 4185
1 8119
1 4153
1 1430
3 5422 6224 8028
3 7867 1122 1270
1 7863
1 4202
1 3990
3 7898 130 1795
1 7081
1 7862
1 3025
1 1865
1 541
3 7377 5282 7539
1 1768
3 6982 5572 3285
3 3724 3549 5052
3 4818 5433 4458
1 3566
3 4452 5145 3266
1 1706
3 3305 4499 6389
1 1829
3 1581 6964 1788
3 721 745 4028
1 4764
1 5858
3 2539 1966 2270
3 1549 2380 2612
1 6795
1 6302
1 2106
3 6945 7275 2943
1 1565
3 4393 5647 6413
3 539 5775 6165
1 14
1 361
1 2484
3 6165 7074 490
1 681
3 3242 5824 400
3 6951 5685 7027
3 5911 34 6963
1 3331
1 6430
1 5357
3 6058 3968 7697
1 5678
3 6825 2375 1464
1 598
1 1618
3 4864 3338 7745
3 4287 4041 4308
3 3536 2055 339
1 2406
3 3434 5184 1139
1 3209
3 2196 7263 457
1 7733
3 4346 4055 5967
3 7439 3855 6527
3 7092 341 1275
3 4641 1781 3232
1 3784
1 5686
3 1824 6130 229
3 215 6956 2858
1 1561
1 3673
3 5097 4217 2637
3 3857 3157 283
1 3679
1 6487
3 4450 3224 7941
3 6180 5103 6799
3 6138 7844 2736
1 3155
3 7389 5473 4687
1 7296
3 7822 6177 4127
3 7415 1918 7566
3 7408 409 5861
3 2147 2912 8143
3 7873 433 902
1 5868
1 4152
1 4071
3 7373 7156 4244
1 1254
1 5024
3 6438 5592 2329
1 1775
3 2189 3950 5065
1 1135
3 2070 5222 1867
1 5925
3 4822 5601 2083
3 169 6402 6727
1 5104
3 3280 4795 6724
3 1516 3604 3202
3 5738 7538 6058
3 5523 897 3595
1 2499
1 1795
3 659 3618 5391
3 1083 4425 853
3 7168 5874 2424
1 3609
1 5291
3 1579 4196 74
3 2226 841 1483
1 6609
3 320 2731 900
1 4032
3 5094 7620 1035
3 6512 6900 4345
1 2933
1 6847
3 1031 4813 8188
3 3408 3975 2832
3 7816 3163 5090
1 5596
3 5250 3637 5657
3 6656 825 7632
3 1058 3220 384
1 4763
1 7525
3 7583 6825 6320
1 3312
1 226
1 6723
3 1576 586 5747
3 614 1314 3523
1 7323
3 1682 3851 8095
1 4457
1 8133
1 3151
3 550 6059 4780
3 1771 238 7181
1 4583
3 3353 1041 7116
1 2851
3 1264 6697 4063
3 7350 8185 6116
1 6511
3 42 3858 166
1 7700
3 2019 5422 4955
1 3012
3 5147 3219 2151
3 3594 262 3593
1 2615
1 5845
3 3699 7064 560
3 1629 6596 2657
3 231 118 8082
1 6322
3 2776 4512 6016
1 1972
1 2406
1 4227
1 7281
1 784
3 5719 4598 6951
3 5286 679 7857
3 4609 1022 442
1 7844
3 2976 528 7623
1 6828
1 7850
1 569
3 5522 1407 6630
3 747 6582 2789
1 2115
3 4910 5358 3614
1 1250
3 5130 7664 3061
3 5744 6906 4052
1 2919
3 6887 7002 6692
3 5207 2370 1387
3 5813 2552 180
1 3854
1 1810
1 5859
1 1722
3 4150 6057 3958
3 3283 303 4433
1 3656
1 7252
1 140
1 2373
3 2508 2538 1236
1 515
1 872
3 6054 3757 3108
3 4611 3227 4669
1 1926
3 1783 2770 1269
1 7588
3 4487 2910 5855
1 4152
3 3341 5607 4450
3 713 6779 2619
1 918
1 4153
1 2185
3 5526 593 6457
3 1134 2470 2235
3 4941 7665 5890
1 7445
1 3455
1 4748
1 2630
3 1869 4246 6972
1 1704
3 5577 4235 1126
3 80 653 1009
3 1137 5743 4519
3 1452 1136 4025
3 7864 7270 7234
3 971 5589 2214
1 3794
3 7486 1366 3147
3 7794 7686 603
1 5403
3 7489 3575 1714
1 3348
1 2344
3 5107 8038 8006
1 1942
1 1202
1 6974
1 454
1 2315
3 4112 3990 4089
3 1811 5980 2241
1 2395
1 6835
3 1739 3634 503
3 324 7644 1805
1 1538
1 5941
1 4165
3 7029 3619 4755
3 3912 7318 5862
3 2088 3464 576
3 6715 107 1750
3 5004 8126 6927
3 5971 6514 7312
1 543
3 5906 6643 279
1 8104
3 4298 3340 3809
3 8140 276 4039
1 2609
3 32 723 4696
1 3538
1 4697
1 105
1 3492
1 5324
3 460 4553 261
1 1254
3 1246 2719 3978
1 4763
3 8136 8111 5826
3 5589 631 6704
3 3711 2953 168
1 2221
3 6677 7520 6303
1 3368
1 6732
3 3027 5201 4033
1 7684
1 6245
1 7507
1 4834
1 6788
3 3457 2629 2847
1 5889
1 2044
1 4227
3 7793 3044 3042
3 3878 5404 1149
3 2006 6352 460
3 336 8177 3991
1 5064
3 4555 6997 612
3 2143 2439 7861
1 2350
1 5704
3 1511 6123 7796
1 7500
1 2873
1 3112
3 3289 3623 2312
1 377
1 3666
3 3938 1386 3019
3 5314 4311 215
3 3837 3130 6728
3 5339 407 2435
1 1594
3 7350 4397 3563
3 560 1916 564
3 4796 7197 7179
3 7693 6186 3092
1 235
3 7377 3921 6422
1 4147
3 4290 5591 5655
1 3649
1 2453
1 7296
3 5199 3176 7154
1 3987
3 8018 6922 7965
3 1110 6642 4248
1 6174
1 15
3 4161 7523 6965
1 4929
1 7204
1 1831
1 5654
1 5035
1 765
3 1277 5504 1182
1 8113
1 6025
1 46
3 2556 7483 1093
3 6954 1471 4565
1 644
1 2319
3 3858 1181 1004
3 643 598 6973
1 6461
1 5104
3 1410 6671 2854
3 2589 1849 6291
1 6295
1 1698
1 4624
1 3963
3 1352 1060 3311
1 2968
3 4033 2835 6208
3 2546 6276 7758
3 3289 2533 4947
1 1116
1 918
3 7773 6550 1862
1 359
3 2626 1825 4320
1 7854
3 977 5587 3761
1 665
3 7485 3020 1246
3 219 7629 1301
1 5761
3 7245 7067 636
3 2788 3125 4828
1 6755
1 1909
1 4055
3 5061 7928 2674
3 6950 3926 2276
3 150 3567 3476
3 6789 151 6926
3 7600 4344 185
3 3266 1601 6551
1 1882
1 346
3 5499 3923 3418
1 371
1 5886
3 5423 6758 2124
1 4181
3 726 1415 2414
1 6536
1 2318
1 1278
3 3769 2960 1338
3 4645 1374 4707
1 431
1 2154
3 7925 3048 5032
3 4075 7111 80
3 6053 2164 5693
3 2038 120 7477
1 5020
1 7323
3 463 2075 2289
1 5847
1 1049
1 1820
1 3740
1 6858
1 5144
1 2951
3 6884 5779 6832
3 5819 5468 5363
3 461 6861 2099
1 5909
3 6652 5765 7662
1 5691
3 725 4240 3288
3 1375 7869 5808
3 2155 1614 4400
3 4933 273 7768
1 2240
1 1599
1 578
3 7587 1877 6493
1 7016
1 1951
1 7191
1 5536
3 1302 2471 1911
3 7934 3136 3103
1 5481
3 6800 3230 5033
3 3823 1760 4386
1 825
3 2435 7385 2882
1 3732
3 4800 7340 3826
1 6106
1 6321
3 3836 1511 2147
1 4524
3 5049 6538 329
3 575 1264 5970
1 3903
1 4326
3 2006 5831 7415
1 6303
1 5760
3 4708 7996 7849
1 3025
3 5783 5149 2165
1 6062
3 7668 8134 4908
1 2459
3 6486 5954 4820
1 2056
1 1141
3 428 5688 895
1 6458
3 7420 3032 5843
3 71 6944 4101
1 2184
1 4087
3 5219 5025 6937
1 1303
3 7745 545 1327
3 4003 7579 4972
3 4027 4489 461
3 8046 1901 343
1 3221
3 2211 5429 6827
1 4602
3 3022 3866 434
1 7939
1 4940
3 2161 3512 5353
1 1217
1 1098
3 3214 6581 3622
1 2513
3 3594 1498 6796
3 500 7621 3948
3 1970 211 5092
1 4217
1 908
3 3314 6929 4534
1 315
1 5673
3 2655 2123 1889
3 3892 7032 7904
1 7178
3 6980 2521 437
3 4832 6379 4936
3 6163 7871 6540
1 7526
1 5681
3 4819 2687 468
3 1089 7777 644
1 3572
3 910 2654 6172
3 8018 711 1258
3 8136 5833 7110
1 5328
1 2301
1 2344
3 1298 3367 912
3 3173 1909 2989
1 8173
1 5030
1 477
1 2704
3 5721 240 568
1 4497
1 2228
1 3255
1 3349
1 618
1 2747
1 4583
3 2413 8138 8004
3 6895 6055 916
3 667 852 7546
3 6866 5112 3038
3 4814 308 7839
3 2601 6734 5894
3 7982 7113 385
3 5931 3151 7797
1 7723
3 6583 8119 6867
3 6997 2485 1995
1 3657
1 2334
1 765
1 3097
3 4238 2394 2062
1 8144
3 3374 3854 4430
1 1984
3 4513 7583 5318
3 3283 7412 6545
1 4867
1 3772
3 674 1137 2100
3 7732 2125 4624
1 3604
3 1813 3039 4964
3 80 313 3556
1 5197
3 7046 6102 6978
1 6662
3 291 1656 4982
1 7051
1 6968
3 6769 7770 3430
3 964 5315 5414
3 2241 2611 7272
3 2402 2820 5787
3 6100 7915 5297
3 6449 467 197
1 5762
1 4014
1 1251
1 3665
3 7750 5421 6183
1 5179
3 8117 683 650
3 349 5991 2442
1 5247
1 1590
1 4231
1 6503
1 5874
1 5610
1 1027
3 4779 3849 4138
1 224
1 7444
3 27 2777 3498
1 4643
3 8030 3568 1928
1 3414
1 3094
1 3797
3 411 7246 4893
1 6366
3 3212 2824 2716
3 1813 6890 5427
3 6951 5258 2412
1 1390
3 4698 1603 2598
3 2855 3741 1753
1 2183
1 4070
3 5808 4765 5660
1 3592
3 5262 5093 5245
1 7563
1 710
1 1614
3 5653 5434 2984
1 6254
3 1349 1210 5014
1 2449
3 6840 7981 7576
1 6516
1 2822
3 4150 1016 690
3 7103 3686 419
1 4836
1 6232
1 3365
3 7237 7718 5292
3 6375 7353 2883
1 2815
1 4693
1 1658
1 5567
3 7873 58 5419
3 1977 3571 4861
3 7087 4831 7395
1 4673
1 2058
1 6074
3 4128 119 620
1 13
1 6733
3 7009 904 7043
1 3851
3 6494 5722 1159
1 178
3 7461 4479 7542
3 2066 2112 7476
1 8057
3 207 4448 7307
3 520 4109 5239
3 2549 5186 5465
3 247 4068 660
3 3088 5729 601
1 6761
3 7393 943 1618
1 4283
3 207 2898 7117
1 3486
1 5886
1 4418
1 5386
1 3742
3 6240 7724 8174
1 4465
1 7007
1 6864
3 7031 983 1891
1 7068
3 2801 2359 7464
3 3406 3956 3767
3 1569 4661 948
1 5740
1 5956
1 7201
3 6548 1565 4016
3 4731 7160 1876
3 3115 2919 5444
3 16 6846 515
3 4980 5300 6005
1 3179
1 5570
3 4609 1048 2197
3 6024 5259 2003
3 6088 3361 3846
3 437 1026 793
1 8013
3 8101 868 938
3 7802 8015 7248
1 6644
1 3095
1 4049
1 7075
3 84 175 8167
1 2693
1 2507
3 3725 1478 6112
3 8053 5768 4682
3 6803 1768 2057
3 2641 6675 5760
3 6830 1221 2199
3 862 5736 1850
3 6214 6784 4491
1 5513
1 7349
3 6248 1331 4665
1 3571
3 1290 2227 239
3 3218 6755 7681
3 1499 4114 5924
1 2489
1 4786
3 555 7692 3417
3 4876 4779 2278
1 5070
1 4335
1 3356
1 3026
3 2131 3852 2436
1 1884
3 1328 1508 2498
1 2996
3 2649 7369 5549
3 3575 60 5978
3 1549 6256 966
3 7538 3389 2561
1 1953
3 6365 6325 6698
3 58 8137 1980
1 6892
3 4979 6238 7252
3 7557 3776 6434
3 692 5219 2596
1 3205
3 7571 4540 3587
3 5732 2092 1072
1 7844
1 2221
3 5930 6829 12
1 7626
3 6496 5964 669
3 4485 2266 210
1 8073
3 3774 252 76
1 2377
1 3165
1 2021
3 7471 5207 2093
3 6543 2818 358
1 5085
3 4321 4630 5236
3 6186 6519 3056
3 4758 2760 7705
3 5334 7015 7910
3 713 2374 3334
1 8151
1 3963
1 4031
1 7448
3 4799 6794 7829
3 602 2008 8136
1 7475
1 1460
3 2718 7409 7405
3 3127 5876 1525
3 3166 4309 8139
1 596
3 4166 4802 2311
1 7672
1 6174
1 4974
3 3127 5594 6628
1 6790
3 340 7831 2282
3 2203 6853 1860
3 7894 3833 5734
3 3022 7001 4963
3 2589 5208 4195
1 5564
3 4952 3710 6144
3 6778 5017 7730
3 5747 3553 2465
1 4588
1 5835
3 7712 3617 3348
1 6271
1 3598
3 6263 4141 6184
3 3837 1051 7019
3 4540 4304 1933
3 3347 2572 4331
1 2660
1 6265
3 4393 4342 7173
1 7263
3 4128 4522 3935
1 5235
1 1872
3 7737 5909 6946
1 3247
1 3055
1 6662
3 4966 5346 5161
3 8176 6789 1771
3 291 1261 639
3 3194 43 5658
1 3641
3 6305 3047 842
3 5306 2230 1997
1 5838
3 5084 2167 1133
3 6083 749 7115
3 3021 935 6195
1 4694
3 493 98 2423
1 769
3 6447 4237 7317
3 2686 2304 7983
1 3553
1 4881
3 1144 6245 2863
1 6600
1 8139
3 4989 7565 6634
3 6570 7003 2581
3 5598 4264 6760
1 3559
3 5420 5370 1728
3 6090 3059 1103
1 2300
3 503 110 3698
1 3311
3 5042 6347 6246
3 910 2925 744
1 1721
1 5231
1 6835
1 3706
3 6741 2646 5048
1 5211
1 18
1 2350
3 6677 3656 3702
1 8049
3 3217 6844 2638
3 6886 7049 1157
3 3707 7799 5642
1 4039
1 6245
3 6701 268 4303
3 6309 2806 6772
1 728
3 5632 7514 7959
1 5905
1 4292
1 111
1 1165
1 2941
1 2183
1 1500
1 6600
3 2796 5343 3735
3 6551 5739 7843
3 7906 5349 2527
1 7872
1 2984
3 1342 6863 3574
3 4586 6473 7884
1 454
1 3909
3 3471 1878 7967
3 2834 8176 2189
3 2992 4579 7433
3 5727 4734 2351
3 1592 5501 929
1 4752
1 5373
3 1697 5379 1056
1 4592
1 431
3 2397 2486 2948
3 4166 2787 1007
3 7805 8182 2269
1 4409
3 557 717 7596
1 3464
1 2250
3 978 3878 7089
1 3190
3 3371 1116 6049
1 7859
1 7507
1 4338
3 6912 3527 7004
1 938
3 7594 3315 7570
1 157
1 2003
1 4568
3 419 1905 7355
1 3104
3 922 1020 4026
1 8090
1 6319
1 3615
1 3045
3 2867 7266 4286
1 6544
3 415 7528 2690
1 3571
1 338
3 1158 2727 1829
3 5173 5623 5785
1 7684
1 4532
1 4107
3 296 1101 2576
3 4902 1154 6015
3 430 6333 497
3 5180 1455 1496
3 3966 4898 7436
3 3960 3989 6430
1 180
1 2814
1 7558
1 1885
3 4255 6390 1315
3 7284 4380 6229
3 6615 6641 3188
3 4610 4574 4688
3 2095 981 2656
1 1273
1 7602
1 6369
3 844 7667 2865
3 1805 3655 937
1 3973
3 5284 6802 1242
1 3676
3 3734 2208 7791
3 7073 2939 6817
3 4306 6572 7817
1 3093
1 526
1 6135
1 2118
3 4404 5344 6339
3 6490 6700 2726
1 3559
1 3649
3 4262 7675 6718
1 2175
1 2538
1 6068
1 4145
1 1259
1 1595
3 2099 4521 4957
3 4346 7112 687
1 7101
3 586 2951 833
1 5342
1 4532
3 7189 7536 2776
3 903 7814 6816
3 4772 566 4817
1 1668
3 5651 7274 5133
1 1271
3 3305 5132 4580
3 4611 3378 6192
3 4851 926 3076
1 4324
1 1010
3 3555 2531 7642
3 4633 3559 1132
1 6646
3 4193 4046 6831
3 6948 1691 2977
3 492 357 7962
3 5732 6249 4402
3 1933 8022 3174
1 1570
1 1333
1 1764
3 399 6631 7396
1 4696
1 2142
3 2482 3911 1291
3 5180 6712 6461
3 2140 1613 5321
3 5616 1819 7328
3 4872 815 4558
3 5721 5920 2418
3 223 3769 5830
3 1398 4815 2237
3 2641 6672 4834
1 1561
1 3183
1 3882
1 646
1 8100
1 3886
1 2503
3 3171 7437 4496
1 7921
1 869
1 1378
1 5559
1 6044
3 2359 5526 707
1 1793
1 5327
1 3765
1 3714
3 1416 2616 1283
1 5079
3 1338 3730 4492
3 4904 6808 477
3 5138 7866 3463
3 6693 5327 7259
3 99 2718 2129
1 1223
3 696 6251 2663
1 996
1 469
1 5898
1 5223
1 6249
1 1963
1 7709
1 2813
3 7527 5896 1115
3 671 3723 4612
3 1489 2905 7342
1 4559
3 3441 3168 4970
3 6862 7845 840
1 7797
3 1683 1875 4544
1 224
1 7797
1 7846
3 5243 5858 4422
1 2524
1 8023
3 2596 859 6418
1 6135
3 5428 1148 5313
1 703
3 3200 6014 2477
1 2866
3 5829 7683 4131
3 6886 6030 6905
1 4170
3 798 5711 2274
3 6002 7900 3420
3 3888 5487 1335
1 2568
3 2649 5877 1620
3 8111 3696 2229
1 7166
3 6782 7769 5543
1 7748
3 6982 5842 4717
3 2778 324 6563
3 5606 3853 204
1 7170
1 2132
3 4175 522 1923
3 662 642 3838
1 2566
1 942
3 4644 6442 3434
1 173
1 155
3 7453 1392 6198
1 6968
3 6806 1076 7084
3 4438 6189 5036
3 6313 2987 5395
1 2662
3 3912 2087 2715
3 4287 1528 5049
3 4250 4434 6557
1 3989
1 1622
1 4657
1 8074
3 322 6553 2547
3 2602 861 1447
3 5207 2697 3357
1 826
1 4201
1 4160
1 2619
3 5621 6609 8074
3 7192 2729 7677
1 5379
1 4557
3 2834 5425 7430
1 1439
1 4104
3 1702 4551 4913
3 2887 3957 696
1 4340
3 3585 7821 3196
1 691
3 3551 2041 810
3 1577 5987 1791
1 4622
3 6220 4095 6660
3 5884 1355 1203
3 2198 2440 3148
3 1654 5621 2481
3 5565 6360 7331
1 4107
1 6682
1 6798
1 5763
1 3692
1 2919
3 5842 5296 300
1 3645
1 6612
3 2233 4348 1065
1 5905
3 3802 6261 1640
3 7000 392 5537
3 753 3364 6953
3 2746 4584 8024
1 4326
1 2465
1 6761
3 2934 5716 5324
1 4752
3 4589 7153 2234
3 7130 7186 5466
3 5728 285 3508
1 3179
1 911
1 2947
3 2810 5683 4555
3 5244 6912 7174
3 2595 1309 792
1 3375
1 4671
3 2002 5295 3845
1 5095
3 5145 4589 249
3 3878 1199 4953
3 2399 3782 7273
1 2632
3 4561 6308 6099
1 4218
1 4042
1 7028
1 7854
1 897
1 5559
1 5080
1 969
3 2094 1365 7545
3 1592 6097 4569
3 3701 1531 5183
1 186
1 7241
1 5532
3 1444 5937 463
3 2942 2875 2620
3 7141 7099 6824
3 5717 6142 2833
3 233 7616 1541
1 5431
3 8030 6914 7324
3 5341 3518 2441
3 6518 2973 1010
1 131
1 5251
3 3954 3944 3777
1 2290
3 1312 6612 4140
1 5916
3 5264 6305 8026
3 141 4423 2630
1 7654
1 7263
1 3477
1 6892
1 1012
3 387 5489 8183
1 4785
3 4304 141 6803
1 1976
3 3540 5772 1164
1 4430
1 7927
3 177 7924 7687
3 1629 6996 2411
3 1641 3903 2192
3 507 2056 6668
3 3072 1824 7982
1 7293
3 5117 2935 8003
1 6888
3 1322 1851 6042
3 1452 4495 45
1 73
3 7046 2369 7351
3 6140 6080 5213
3 4819 2366 4886
3 4648 6797 3641
3 4561 946 3680
1 4441
1 8054
3 2909 2360 672
1 8036
3 512 7643 5628
3 1541 3041 2783
1 2471
1 372
3 760 7158 1091
3 6446 3410 607
1 2585
3 2602 213 1839
3 5773 511 2916
1 459
1 5091
3 3536 574 4173
3 1398 4171 5339
1 1296
3 1453 688 70
3 6351 4088 7860
1 901
1 3932
3 1915 69 5803
1 7596
3 5033 5997 1612
3 3605 1962 2483
3 5502 4814 417
1 3502
3 5972 103 2890
1 5002
3 2993 8071 6262
3 3250 851 4725
1 4113
3 6739 2568 1884
1 6527
3 2559 5555 1881
3 3619 6496 1207
1 2572
3 550 7786 7590
1 5579
3 1349 6108 998
1 2149
3 4729 2148 6370
1 7619
3 1067 5067 5312
1 8027
3 4870 2872 3746
3 5446 1305 680
3 588 1328 2698
3 5468 6939 2535
3 4273 3780 264
1 2831
3 6957 4358 6481
3 6618 4335 5064
3 4575 4727 1385
1 687
1 3397
3 1308 6207 3181
1 1360
1 2940
1 1704
1 2338
1 6367
1 4862
3 6833 6887 4270
3 3079 820 814
3 4356 3954 6449
1 5480
3 2914 1845 4413
3 2793 5557 7200
1 2368
1 4469
3 7916 4324 5566
1 901
1 2306
1 5122
3 3532 1752 1501
3 866 3610 1371
3 3256 6775 1124
1 173
1 3675
3 6027 2206 7610
3 1765 1008 2775
3 316 4445 4399
3 4547 51 480
3 2093 722 7039
1 4585
1 2255
3 7820 6427 3607
3 6180 973 3648
3 1576 174 8156
3 5278 6795 2007
1 1594
1 5520
1 3003
3 7430 4128 79
3 6956 1668 5529
1 626
1 4301
3 2188 3123 326
3 4257 5845 346
3 1833 7631 3448
3 2703 93 47
1 527
3 4667 8050 1380
1 6383
3 7171 2660 7507
3 1139 6140 5277
1 4875
3 4718 5140 2625
3 4904 848 7204
3 6894 659 6255
1 4076
1 7638
3 3092 1631 1187
1 5051
3 6652 3229 8184
1 6103
1 6118
3 561 1027 5368
3 1601 7224 6121
3 2956 496 1423
1 1954
3 1702 7462 882
1 3915
1 7139
3 8053 512 2019
3 2030 4394 763
1 1126
3 3415 5221 6321
3 1889 2595 6141
3 3252 807 3323
1 5755
3 4010 1330 4241
3 1154 1465 6071
3 809 4715 5545
1 626
1 5507
1 4530
3 573 6957 3133
1 2673
1 906
3 721 7418 5559
3 3545 7595 1780
1 3491
1 6925
1 4878
1 5476
3 5165 2194 3875
1 4497
3 7667 6143 48
1 3403
1 6648
3 3560 8039 3908
1 5513
1 6403
1 3572
1 2300
3 6081 6233 3167
3 1635 715 2415
1 6009
1 3063
1 1776
1 942
1 4723
1 5847
1 6373
1 1949
1 7223
3 1286 548 625
1 5655
3 1607 8068 7906
1 4015
1 8179
1 5263
1 1667
1 6323
3 328 325 5809
1 4728
1 4278
3 5347 7749 3029
3 2430 2688 6774
3 1312 142 4152
3 4523 2074 3387
3 3746 7548 2591
1 4917
3 2359 5496 3173
1 2459
1 8105
1 360
1 878
1 3513
1 7961
3 6954 2264 1723
3 7652 7812 1413
3 791 2704 4524
1 6173
3 1711 2921 4058
1 3849
3 368 8112 2181
3 6228 3270 423
1 4960
3 3907 7888 7739
1 7451
1 1661
1 1214
3 3734 2323 673
1 2582
3 3503 1152 5436
1 2517
3 7276 4189 3737
3 64 1300 6424
3 3142 270 1253
3 2580 7688 884
1 3486
1 6653
3 2313 7636 2765
3 2371 3888 837
3 6081 3488 8159
1 5479
1 3849
3 5345 6363 236
1 1006
1 3452
1 8040
1 5324
3 273 3883 4980
3 4001 762 1441
3 7529 5211 531
1 4339
3 4859 6773 3114
3 6532 2168 5375
1 868
1 526
1 7281
1 4163
1 317
3 407 1414 1146
3 3760 6810 8180
1 123
3 7272 6565 6400
1 7280
3 3644 3871 4984
3 4851 1735 1208
1 1767
1 6704
1 768
3 3499 5108 475
1 7267
1 7927
3 6534 874 7719
1 3271
3 1563 2293 1904
3 2109 3223 3980
1 4293
3 5001 340 455
1 3609
1 5646
1 6517
1 2104
1 3684
3 7272 2177 3964
3 2102 4359 4
1 1098
3 7144 2580 2324
1 2594
3 56 1109 7720
3 1648 6822 3233
3 964 2764 2469
3 3257 5745 6330
3 7993 3616 1638
3 191 5156 4166
3 5118 4243 367
1 943
3 7192 7203 699
1 3492
1 7791
1 2911
1 6946
3 473 8173 5580
1 2700
1 4309
3 6805 3442 121
3 3230 6544 3177
3 5101 7461 4956
3 3883 3201 4362
1 3981
3 1444 7938 4922
3 7880 1155 3483
1 3104
3 5641 1774 6639
1 7897
3 2887 2045 7370
1 469
1 6711
3 5483 6340 1466
3 6438 3677 5141
3 6012 2926 3887
3 7182 6656 6558
3 7011 970 1077
1 7640
3 5796 665 2566
1 2999
3 8135 5412 7802
1 2092
1 1497
3 5102 6925 1429
3 1298 3236 5981
1 2266
1 7530
3 4922 7350 6394
1 1887
1 5083
1 6462
1 531
3 3582 5281 2675
1 1708
3 1023 5279 7803
1 7407
1 4861
3 6264 7466 8129
1 5072
3 3774 6948 6839
3 6643 165 2288
3 6472 4317 5723
3 3197 4921 4387
1 769
1 893
3 1220 1344 4668
1 1612
1 4423
3 7878 449 6575
3 1207 7846 8090
1 2007
1 2069
1 1476
1 872
1 7194
1 423
1 6336
3 2684 549 6051
1 913
3 3802 7519 1512
1 7413
1 7401
1 789
3 197 1231 4224
3 4589 7130 520
3 4351 5533 7388
3 4254 6348 7649
3 6558 2647 3601
3 5184 3454 7408
3 875 2294 1363
3 6866 5029 5674
1 3165
3 2480 4005 6061
3 4520 4177 8127
1 5879
3 1675 6852 2026
3 5167 5907 4436
3 3029 4735 7582
3 6752 2993 726
1 2375
1 1126
3 1338 2113 5903
1 6921
3 4871 50 85
3 6121 4008 3294
3 2908 666 4749
1 6366
1 1944
1 6673
1 4094
3 4006 5302 2462
3 2008 5727 88
3 5844 1882 5441
1 2132
3 4215 953 6751
1 1439
1 1774
1 218
1 2940
3 4549 1604 6164
1 4551
3 787 4498 10
1 4694
3 7064 5517 6324
1 5068
1 5237
1 3633
1 8170
1 1614
3 4378 5031 1019
3 185 5293 4846
1 7491
3 8127 2981 4288
3 79 1897 2526
1 3462
1 6946
3 7159 4867 3003
3 2640 5389 1589
3 7395 1110 7585
3 7071 6285 4017
3 84 4890 6967
1 4292
3 7600 7529 4989
3 6153 1389 2575
3 4440 3758 5581
1 5444
3 441 7073 7936
3 6040 6508 2316
1 4232
3 7685 4205 6104
1 6077
3 1401 5394 7668
3 3947 6687 7362
3 2818 3786 6851
3 5374 1938 3779
1 6010
1 2503
1 1757
3 6442 3750 5522
3 2855 5700 2565
3 430 223 2955
1 1868
1 6011
1 1268
1 123
3 2156 3326 5769
1 6430
3 2731 630 3415
3 1110 1846 4103
3 3819 942 4338
1 6175
1 5116
3 690 6765 5255
3 7001 3847 3161
1 3334
1 2744
3 6193 4672 1267
1 1983
1 3156
3 2731 6088 1545
3 624 6482 2923
3 153 190 4699
3 1099 5493 7789
1 6536
1 3070
3 888 5352 7465
3 3697 1250 5622
3 4988 4341 7237
3 4859 3071 6006
3 5062 3651 2142
1 2591
1 1619
1 7963
3 4975 5804 3803
3 601 7363 7128
1 2529
3 2408 1965 6970
1 7152
3 2140 1952 4542
3 7878 7028 3189
1 276
1 4035
3 1684 4670 2144
3 2583 2869 6021
1 656
1 2513
1 1810
1 7624
3 6543 6307 755
1 4184
3 2371 6608 2320
1 1718
3 6264 2314 6476
3 7174 765 2573
1 6999
3 76 5086 2117
1 565
1 4557
3 6805 4247 4382
3 7461 1259 1671
1 6891
3 2291 6587 2560
1 6648
3 3717 6750 3256
3 7073 2372 7838
3 2237 2038 5016
3 1626 1940 645
1 665
3 1499 6201 2961
1 4086
1 8060
3 8091 6542 1434
3 4059 2118 1984
1 7038
1 3155
3 4724 3502 7841
1 10
3 6842 7014 192
1 5512
3 6230 1173 3586
3 6941 3783 6535
3 1465 18 4514
1 943
3 5783 269 3890
3 4598 2816 4676
3 3499 6161 1069
1 1909
1 6166
1 6640
3 1121 758 1989
1 2063
1 3576
1 5460
3 6601 7712 7302
1 2802
1 2216
3 7731 5403 1273
1 4466
1 143
1 1197
3 2078 1131 3606
3 6941 5849 3192
3 2917 2046 779
3 5625 538 6106
3 2775 5333 4443
3 3020 5797 6047
1 5627
3 985 7658 3893
1 1738
3 6998 7348 3660
3 2935 4597 2507
3 7694 1890 1593
3 5248 6942 5382
3 612 4462 7165
1 7150
1 6457
1 1732
3 2457 5944 5535
1 7782
3 2808 1616 1953
3 2865 278 7072
3 7312 6931 6676
1 7630
1 6575
3 1409 3137 5856
3 4452 5470 1398
3 1824 748 4879
1 1072
3 389 4191 3825
1 347
3 2213 1685 3506
1 5949
3 3046 1975 6312
1 1917
1 4480
3 6861 4203 7285
3 3567 7239 2884
3 6563 2963 733
3 6976 739 6524
1 6620
1 6063
1 6
1 7008
3 7473 5560 2247
1 1285
1 2422
3 3874 4376 5882
1 6461
3 3175 7199 3413
1 7391
1 2709
1 5503
3 3300 3821 3363
1 3002
3 7310 2447 7426
1 5113
3 7438 1711 7809
1 1406
1 2288
1 5691
1 1802
3 5246 5491 5015
1 7708
3 8122 1588 4663
1 3045
1 131
1 7724
1 1985
3 2155 8104 4934
1 4201
3 4645 2387 5215
1 6252
1 125
3 6278 2209 5859
3 2302 1420 188
1 4052
3 4955 5023 7343
1 484
3 7176 447 5793
3 8019 2680 4825
1 5401
1 3581
1 7265
3 5410 3153 4328
1 7660
1 1976
1 1495
1 6722
3 1915 5070 1657
1 1182
3 2998 6445 3643
3 4979 7702 3598
1 4090
3 857 4543 4337
1 155
3 6799 7161 6592
1 1841
3 1805 2741 108
1 3568
1 1991
3 8156 720 7359
3 1029 2537 2549
3 4333 4763 5055
1 543
3 2950 6135 6074
1 600
3 991 909 3078
3 3241 398 3025
1 5197
1 845
3 675 7747 8020
1 2727
1 8124
1 6745
3 8006 2545 5209
1 3159
3 3323 2024 7123
3 6365 1427 2892
3 881 3278 3768
1 3399
1 3332
1 2995
1 6526
1 4379
3 7242 5544 4808
1 4244
1 3981
1 5413
1 3031
3 3084 3867 6187
3 1646 5910 5061
1 2819
1 5791
3 42 6486 4871
1 2375
1 2323
3 5901 3199 6318
1 7139
1 2786
1 4591
1 1116
1 8027
1 7939
3 4625 7512 328
3 5825 2891 6219
3 2189 4660 2634
3 1857 1075 355
1 1487
3 4902 4392 1959
1 5157
1 5888
3 3042 4349 3439
3 6320 4642 3886
3 2112 4051 6955
1 5579
1 8062
3 353 2768 5399
1 1775
3 3848 1281 5116
1 1090
1 7462
1 6525
3 5986 6746 3877
3 5608 7322 2176
3 756 3319 6428
1 3036
3 3961 1755 3237
1 5508
3 8130 7299 7056
3 7569 137 5583
1 7905
3 7856 2810 1563
3 754 2624 770
1 105
1 112
3 733 91 608
3 1744 4478 3159
1 5113
3 6754 3695 2649
1 6052
3 2801 2036 7460
1 3023
1 7542
3 4134 4446 1925
3 7486 1817 873
3 3866 1523 94
1 2614
3 4941 2828 4067
3 1642 2523 4622
3 3707 4117 2761
1 1466
3 2936 4178 431
3 467 1515 7960
1 5811
1 1495
1 6131
1 5673
1 5129
1 2817
1 5293
3 3629 2866 5290
3 3873 4176 2158
3 1036 7192 7291
1 2065
3 4714 1994 1765
1 1266
1 6034
1 4998
3 5618 5663 577
1 687
1 4414
1 6747
3 5911 5719 6730
1 3386
1 7605
1 5541
3 141 521 7659
1 1197
3 5842 830 4930
1 3051
1 5817
3 6993 7578 1059
3 3540 3936 7134
3 3426 4525 4076
3 1258 6126 567
3 2943 1500 2529
3 6750 7219 6211
1 4302
3 982 5637 6365
1 6269
1 6910
1 6483
1 6109
3 1714 5918 6664
1 5874
3 1828 703 2650
3 2830 1945 592
3 7306 4112 1800
3 75 3273 6329
1 2573
1 3784
1 470
3 2153 2954 4837
3 5706 1212 3805
1 3645
1 2063
1 5703
1 5763
1 7123
1 5675
1 7452
3 7616 6566 5010
1 1344
1 1522
3 2666 8067 123
1 505
1 4918
3 2993 2399 1998
1 6710
1 355
1 2135
1 2774
1 2747
1 8189
3 3457 3739 5613
1 7634
1 46
1 7983
1 1551
3 7571 4902 5538
1 6640
1 3493
1 7777
1 7827
1 3361
1 1928
3 4958 3005 288
3 5699 472 3510
3 16 2475 5586
3 417 2109 8035
3 1118 4505 6809
3 740 2384 40
1 998
1 348
3 7529 7573 2175
3 4615 8169 4260
1 2119
3 3250 2632 4084
3 4637 6533 3455
3 1571 2015 1096
1 4422
1 2304
1 4564
1 2550
3 6301 8014 7178
3 1727 6599 5202
3 2404 84 416
1 307
1 3926
3 364 6600 4587
3 4513 6012 4641
1 3185
1 4805
3 3101 7422 1033
3 4831 2028 6598
3 2097 3874 2640
3 7471 678 2821
1 4723
3 599 7972 198
1 1834
3 8026 2488 2166
3 6750 1751 258
3 92 5058 2063
3 947 2855 4161
3 6162 485 4212
3 7310 7672 7042
1 5503
3 5995 2035 4323
1 1774
1 3633
3 3789 7503 2734
3 1854 4562 1319
1 4803
1 1186
3 2872 7598 7518
3 2530 3884 5699
3 6092 2228 8145
1 294
3 4149 3139 124
1 6921
3 1302 3349 7277
1 2598
1 6077
3 2667 3513 606
1 8021
1 102
1 5231
3 4667 4249 4222
3 5069 1265 584
1 4281
1 5456
3 4831 3605 6806
1 7036
3 2070 4234 201
1 3906
1 4360
3 8022 1085 517
1 1872
1 5716
1 6275
3 3197 5578 7988
1 2502
1 8171
3 5214 6800 6431
3 1509 1759 6578
1 6943
3 7705 3099 505
3 1974 6618 809
1 312
3 1416 3719 6869
1 3213
1 4434
3 244 7036 1766
3 2468 2887 2137
1 355
3 6907 2751 7798
3 7488 7919 1615
3 327 674 4708
3 8140 2720 6680
3 903 6432 2409
1 4145
3 4731 4313 4685
3 4702 2683 4945
3 2506 7671 2201
3 6357 294 8096
1 2906
1 162
1 148
1 8095
3 4270 6990 5168
1 734
3 7493 860 6547
3 3725 3456 1066
1 5066
3 4631 7815 131
3 4633 7943 33
1 8147
1 6271
3 5922 7360 7978
1 1217
3 1277 2635 728
3 3038 5508 1706
3 4804 1382 1670
3 7569 2811 6898
1 7537
3 2737 925 1359
3 6799 1611 116
3 5934 8030 1191
1 3714
3 2287 2467 272
1 6671
3 8037 5388 2758
3 1369 7956 6392
3 7544 6838 8091
1 360
1 5800
3 5707 2795 7202
3 4814 6056 7682
3 1432 7944 3021
1 1455
1 4881
3 2112 7310 6841
3 1201 2781 7921
3 5057 4880 7973
3 1201 100 6045
3 3821 2694 1799
3 5968 6711 2662
1 1701
1 1306
1 5694
3 3936 6474 6883
3 6896 2849 7987
1 6372
1 4096
1 3276
3 3686 5961 1694
1 1645
3 216 3653 5820
3 4809 6872 4590
1 1722
1 3989
1 1094
1 4761
3 7582 2268 7062
1 6407
3 4168 3471 664
3 4041 3895 8165
1 7311
3 5826 587 5417
1 7335
3 5994 2554 4102
1 2558
3 4755 2095 4807
3 3567 3257 5714
1 7974
3 3377 7226 718
1 1865
1 5171
1 2736
3 532 2172 6025
1 554
1 5704
1 751
1 5888
3 7932 2759 4554
3 3585 3473 6801
3 7176 5021 7260
3 3441 3295 6247
3 5244 1547 4485
3 4211 7334 4649
1 4847
3 6494 4743 8017
3 1225 2221 4563
3 177 1836 3872
3 7801 6350 1491
3 7366 8033 1584
3 6289 7743 4096
3 6887 5985 1443
1 4516
3 2986 6949 5563
1 6323
3 6518 6710 2933
1 5403
1 1339
3 6559 1794 2396
1 6517
1 4761
1 3258
3 1113 3999 3658
1 8049
1 5703
1 7252
3 4161 7423 1213
3 7608 3353 501
1 2337
3 4267 4263 1571
1 5858
1 3311
1 4898
1 7042
1 6978
1 4443
1 5157
1 2206
3 7214 5955 7908
1 1281
3 3428 4461 182
3 5363 1658 1665
1 908
3 8130 8062 7054
3 1219 4728 3732
1 15
3 4106 817 3368
3 2246 3462 5938
1 6973
1 6917
1 1339
3 2654 5406 6335
3 3346 7078 92
1 2958
3 7704 3250 3166
1 5386
3 5608 7619 2319
1 4364
1 5605
1 7495
1 4899
1 1141
1 2007
3 6961 7393 4724
3 7224 4367 3650
3 1436 5169 1054
3 6825 6683 5095
1 2713
1 3851
3 3223 992 2604
3 3698 4284 2548
1 986
1 6925
3 2806 2745 553
1 370
1 2543
1 6407
3 1037 4662 4006
1 7659
3 5729 2461 1639
3 3140 1659 5721
1 2265
1 1930
3 4567 5532 112
1 7516
3 7105 1898 7783
1 6345
3 2293 1416 6134
3 1875 7820 7047
3 895 2678 6288
1 1233
3 2390 5996 504
1 7152
3 5707 1574 2033
3 3268 5438 6034
1 2164
1 7004
3 4198 6091 1892
1 7851
3 6169 4677 2931
1 3706
1 4585
1 1822
3 2569 6781 418
3 8068 1782 57
1 206
1 2631
3 7389 7268 3379
3 6033 1699 7778
1 7198
1 2000
3 5029 2980 2432
3 5885 4087 8010
3 2766 4115 7552
3 5747 3666 1944
1 2392
3 1016 4119 458
3 5094 789 5879
1 6846
3 5288 1627 6845
1 6129
1 6930
1 743
3 6284 4146 972
3 6287 6377 605
1 7683
3 8108 1495 4602
3 7880 2990 95
3 5829 1388 6382
1 7293
3 725 4664 7410
3 473 6385 1738
3 3994 5995 1602
3 1067 4269 5364
1 1041
3 5552 5078 1379
1 5211
3 2360 537 3155
1 989
1 7723
3 5653 4881 5231
1 1114
1 4834
1 2223
3 1341 2390 4801
3 5044 5150 6485
3 978 5617 6604
1 2374
1 7666
3 4437 6805 5206
3 2414 541 102
3 2796 7807 5276
1 5287
3 7901 5328 6295
1 5171
3 4574 2737 7801
3 557 956 489
1 341
1 6341
3 6656 5460 4071
1 3469
3 6928 6439 1693
1 4090
3 3825 4080 161
3 3140 2138 2917
1 6557
3 4216 2238 3564
1 4898
3 3907 7517 4023
3 641 1424 552
3 2593 6644 2185
3 3073 373 2376
3 6728 7852 3107
3 7965 53 5241
1 3491
1 7548
3 5585 3359 3470
1 5959
3 4436 230 6876
3 4027 910 3699
3 934 1290 7544
1 794
3 4815 3327 3180
1 4672
3 2307 3460 4990
3 4799 7218 2358
3 4997 7097 648
1 2868
3 7390 6513 638
1 3334
3 5671 6537 3054
3 3686 4474 6690
1 2748
1 8050
3 6083 8153 1015
1 6900
1 4770
3 856 1449 1105
1 7700
3 930 5669 5377
1 5984
3 4171 7009 3602
1 1326
3 7094 1268 1214
3 630 6694 6107
1 3747
3 5739 402 6702
1 122
1 2474
1 3087
3 3337 5552 7867
1 6819
3 7053 4904 5625
1 3369
3 3406 6768 2682
1 5202
1 4725
1 7943
3 5902 7835 5163
3 3323 1863 936
1 644
1 5098
3 8089 4255 5238
1 4049
1 3843
3 1264 3117 1725
3 7205 1045 3392
1 5333
3 3629 1395 7602
1 1789
1 4422
1 890
1 889
3 2794 3759 5176
1 5840
1 4693
1 5855
3 2238 2746 3305
3 301 4872 4652
3 6057 6924 4768
1 2535
3 3268 5959 3986
1 4751
1 4628
1 5536
3 4308 959 7406
3 849 2750 44
1 5154
3 1648 2544 3275
3 775 15 5868
1 4603
3 6980 3590 3296
3 967 5810 6894
1 5504
1 1171
3 5101 6521 1120
1 6533
1 7617
1 7250
1 4364
3 4314 5798 3138
3 7489 56 1684
3 1678 5475 1145
3 2960 1425 6079
3 6038 3400 4640
1 5291
3 8122 117 7375
3 3113 1058 6605
1 4738
3 7453 5742 5173
3 3766 5305 1610
1 1985
1 839
1 3262
1 6194
3 1578 212 2904
1 7178
3 2682 893 3946
3 2023 6966 7100
3 455 1520 144
3 4051 3676 5832
3 1415 7287 6947
3 3132 1189 4635
3 8127 3299 4604
1 7146
3 7521 1783 7071
1 3463
1 4242
3 6260 1446 7021
3 7603 6868 2039
1 122
3 7932 3075 6373
1 1864
1 3193
1 7436
1 5497
1 5327
3 4943 3748 6902
1 874
1 3913
3 4809 4560 2843
1 2290
3 5262 5755 3639
1 1619
3 6577 6085 3485
1 3987
1 3312
1 4129
3 7931 4393 6284
3 3866 3812 82
1 8128
3 5420 6594 2163
3 1 6286 6447
3 167 3998 2749
1 3350
1 6622
3 4041 6072 292
3 7820 2258 4889
1 3863
3 7652 4692 158
3 6333 3300 1564
1 206
3 497 1036 4520
3 5714 4550 3943
3 2116 3603 7501
3 7849 4895 864
3 4717 4375 609
1 2678
3 6182 1490 3720
3 2537 2236 322
1 6171
3 1606 3423 4593
1 1293
1 5868
3 1950 883 7191
3 5334 5573 128
1 7191
1 3417
3 7106 5791 7537
1 263
3 7338 2853 4859
1 6819
3 3956 3126 839
3 5907 253 6010
1 1463
1 4160
3 6283 4673 6952
1 373
3 1967 971 7704
1 3932
1 73
3 7490 5069 7761
1 3732
1 2781
1 6327
3 7611 1930 3087
1 2389
1 8170
1 4130
3 5115 4860 5217
3 7292 5187 7093
1 4821
1 2208
3 4949 5200 7330
1 7921
1 6620
3 115 2330 3721
1 6131
3 2458 5051 7394
3 2918 1129 4915
1 3012
3 472 2894 1197
1 6846
1 6707
1 3270
1 6573
3 3133 7472 2504
3 1913 3372 4710
3 1164 1779 6837
1 4596
1 5916
1 5770
1 4402
3 695 3246 5667
1 3262
3 3065 3519 1764
1 6249
1 3085
1 6903
3 4020 6043 486
3 1287 787 6054
3 7134 2081 4245
1 745
1 6479
1 6554
1 8153
3 7906 6241 843
1 2395
1 4934
1 3390
3 3936 2321 1552
1 6378
1 2325
1 8087
3 6739 6265 377
3 4433 2251 3260
3 3940 2382 1178
3 3631 2901 255
1 4122
1 6516
1 847
1 4223
1 1487
3 4807 2354 2615
1 6410
1 6154
3 2605 2134 3869
3 7840 4218 2315
3 4406 896 7617
1 6046
1 2660
1 7918
1 2032
3 4869 5500 429
3 2907 508 5651
1 7065
1 1385
3 2963 2298 6529
3 5340 160 7964
1 5866
1 6675
3 6495 6264 4149
1 2069
3 3471 6222 5494
1 7606
1 7188
1 6958
1 1049
1 477
1 5850
1 7436
3 1787 6911 5398
3 912 3899 6444
3 7749 6561 6895
1 878
3 7396 3915 6095
3 7705 7555 2183
1 6202
1 3843
3 54 7511 5448
3 8003 2122 969
1 505
3 4993 476 1175
1 5969
3 3816 2852 2088
3 599 3756 7540
1 4439
3 812 6969 3722
1 7054
3 344 646 2250
1 5245
3 6237 7255 7243
1 656
1 931
3 8034 7992 7700
3 4154 2002 7473
1 5263
3 1675 1712 6448
1 7452
3 5901 1868 232
1 1456
1 449
1 3675
3 1869 1842 1720
3 6262 5002 2260
1 5600
1 6341
1 1222
3 3252 7732 4406
3 76 7949 6253
3 603 6901 933
3 1287 3073 2666
3 1489 2728 7762
1 4096
1 4495
3 1528 1600 1803
3 572 1408 2263
1 7303
1 1760
3 1144 1617 5060
3 4832 2621 293
1 5154
1 6740
1 763
1 7458
3 3596 4887 2711
3 4006 2422 333
1 4140
1 710
3 364 2000 3085
1 2609
3 1628 6647 5911
1 6340
1 5500
3 3337 5345 4438
1 195
3 5482 1504 6155
1 1068
3 6088 1390 1068
3 1018 8141 8093
3 561 7480 3581
1 480
3 2721 1680 7774
1 5098
3 803 5644 7109
3 2457 7808 5599
3 3287 7980 7735
1 3410
3 1016 1454 6499
3 2971 6511 2132
1 2630
1 2195
1 877
3 5970 2363 1024
1 2184
1 7359
3 314 7892 6504
1 5889
1 1092
3 115 556 1798
1 2377
3 1678 4120 6655
1 1021
3 1162 4615 2143
1 7248
1 7426
1 1388
1 1214
3 6092 6225 6580
1 6
3 3892 4939 831
3 5827 4838 633
1 7299
3 5971 3314 2830
3 8155 899 5137
3 4305 3493 5865
1 8105
3 7993 2949 2496
3 1157 4346 4106
1 6784
3 5201 286 5013
1 1039
3 501 4459 7563
3 3388 4798 876
3 4356 6309 588
3 2105 1700 719
3 664 7499 3754
1 2720
3 6162 2349 7096
3 59 2874 2017
3 4641 5230 3652
1 5342
3 2196 4940 7850
3 4270 1843 1230
1 3150
3 2559 3861 8031
3 3646 4193 5631
1 3057
1 663
1 1829
3 1736 8044 1106
3 4426 277 1440
1 3108
1 4228
1 2639
3 5339 667 5827
1 5746
1 7051
1 5505
3 5606 8121 1472
3 3200 1216 3969
3 6963 5254 4428
1 6740
3 3691 3987 3700
1 6939
3 5099 6556 5902
3 4615 5482 3988
3 7352 984 7710
3 7586 7833 7463
3 6862 3558 2187
3 3366 5416 1832
1 2403
1 6891
3 4183 5695 987
1 2106
3 731 8160 4036
3 4210 5287 7660
1 4478
3 3758 6705 2367
1 5365
3 1517 3277 3055
3 530 7447 3966
1 5596
1 5500
3 4456 111 7391
3 523 7347 3669
3 3977 2014 6593
1 6661
1 6399
3 2808 3955 7458
1 1954
3 6260 2556 170
3 1724 370 3156
3 3265 5931 1071
3 3669 4903 7300
3 3880 7143 2058
3 1736 7455 6299
1 4951
1 4842
1 5434
3 7033 1731 3186
3 5260 2819 1740
1 525
3 5942 5498 4916
1 1673
3 8020 7862 1186
1 7565
1 6694
3 391 3028 1908
1 5597
1 7659
3 856 2593 3
3 7421 5099 6002
1 2989
1 3414
1 3452
3 3543 5585 6041
3 1927 6361 4873
3 7747 5541 931
3 4097 1590 3012
1 6487
1 5543
1 333
1 521
1 1911
1 7427
3 3130 3438 1345
1 176
3 4142 2313 1833
1 1755
1 8113
1 2317
1 6387
1 2894
3 134 1316 4536
1 1500
3 5206 3925 1556
3 184 6196 5249
1 4386
1 4823
3 2153 4709 2291
3 6394 3291 4004
1 3383
1 3970
3 2528 6289 6950
1 580
1 7851
1 5195
1 3642
3 172 129 5126
1 3541
3 1113 4863 7164
3 2514 6525 3684
1 3319
3 737 307 2345
1 1275
1 789
1 5035
1 4302
3 4306 1907 498
3 5062 3356 7250
3 1564 682 6185
1 2748
3 1888 6139 1302
3 7103 5994 4561
1 8145
3 5676 6492 1451
3 5065 4079 4713
3 7583 2429 1637
1 7876
1 1625
3 2073 4104 5838
1 4271
1 2524
1 2157
1 5307
3 2045 4416 6935
1 2610
3 5637 2870 979
3 6522 6000 6152
1 2523
1 4178
1 793
3 4392 5666 2950
3 5156 4576 7435
1 6049
3 461 7764 654
1 4624
3 5546 1140 5461
1 5938
1 893
3 7925 4983 1492
3 416 6388 827
1 606
3 6598 597 5893
3 5524 4045 6633
3 8108 2021 2449
1 2563
3 6878 5104 4125
1 2873
1 3955
3 7060 312 6133
1 6984
1 1171
3 7282 6178 6629
3 5526 615 889
1 3395
1 6711
1 6899
1 6095
3 4314 7471 3540
1 4089
1 4025
3 5425 6666 2539
3 6289 7016 3829
3 2682 649 3045
3 5674 6341 5257
3 6894 305 1342
1 5259
3 2658 3249 6682
1 1346
1 706
3 6969 6567 7007
3 3820 778 4276
3 4215 5458 5252
1 874
1 8133
3 1669 4537 4738
1 8074
3 674 6412 7023
3 7476 6301 1349
3 4659 1682 1219
3 1964 6586 4716
1 7198
3 6558 5600 4577
3 7420 5551 6595
1 4845
3 401 3534 3310
3 4237 5857 3928
1 2041
3 1578 5454 6031
1 2543
3 5264 2788 6248
3 1484 2305 2327
1 5060
3 1051 1537 3154
1 1612
1 1960
3 1446 6749 1100
3 976 7847 6421
3 508 7467 6981
3 4698 986 248
3 1063 39 1254
1 4125
1 6298
1 3651
3 7205 96 6391
3 7364 6405 3404
1 7090
3 497 6180 5738
3 1382 3395 2815
1 2759
3 433 7254 684
1 3502
1 616
1 2349
1 3093
3 672 2831 4726
3 2935 2676 5801
1 2255
1 4181
1 2792
3 1781 2044 1202
1 4494
3 8035 3701 314
3 5759 6834 823
3 5385 5883 1893
3 2333 2392 4896
3 2955 5 7390
1 4012
3 2782 5467 1896
3 2404 5027 6976
3 2324 3996 1951
1 5070
1 2613
1 5967
3 3975 3626 1399
1 2637
3 8026 4384 7392
1 3066
1 4110
1 5586
1 195
1 3528
1 5945
1 5030
1 884
3 2093 5897 1353
3 6248 7289 5571
3 6616 4609 4691
3 8148 4251 2974
3 5439 2309 3254
1 2260
3 4789 5852 1763
1 5709
1 1882
3 7971 1163 1976
3 678 3385 4493
3 6955 5917 4907
3 3531 2231 7320
1 5591
1 6712
3 4033 4753 623
1 5835
1 6952
1 1227
1 4340
1 1293
1 5081
1 3742
3 1286 6770 2928
3 5102 13 6661
3 3844 4610 539
1 5678
1 7359
3 5928 203 7524
3 5042 3435 2128
1 6109
3 5240 790 5285
1 1689
3 2852 3050 3486
1 4792
3 342 1217 4723
1 8050
3 4637 4836 3492
1 7738
1 7445
1 3409
3 2073 5247 6218
1 751
3 3363 6696 4467
3 671 5956 2522
1 1391
3 5768 6081 4819
3 1008 4300 5020
1 4594
3 788 5930 7995
1 5680
3 2173 2073 721
3 3695 7541 3806
3 1564 903 3428
3 1998 4918 5122
3 1104 469 7188
1 7717
3 4520 1815 5728
3 5010 2796 5825
1 5964
3 7370 1650 1263
1 2368
1 7979
3 3687 6769 1814
1 7070
1 962
1 3666
3 7120 4420 3749
1 381
1 6102
3 5772 1830 4503
1 7131
3 1036 3892 6375
3 3988 6762 5158
3 5976 3692 6653
1 1182
1 6633
3 2360 6921 7051
3 6522 2756 2393
1 7961
1 6973
1 4459
3 5254 7752 6713
3 3327 4473 8051
3 3669 3391 1234
3 3672 764 3976
3 1815 3060 1979
3 1153 921 6679
1 1204
1 446
3 4662 6077 6819
3 7049 507 3218
1 4400
3 3888 4148 424
1 5953
1 3399
1 3108
3 7214 7206 4100
3 6258 2334 7065
1 6554
3 6165 1376 849
1 3747
1 2462
3 3163 2480 3582
1 6410
1 2474
1 6688
3 7334 2240 5079
1 6166
3 5210 4363 3885
3 4876 6856 7932
3 744 1470 5952
3 4801 2279 5350
3 1569 4484 658
1 2509
1 5543
1 5196
3 4272 3475 6866
1 5946
3 5210 6938 4268
1 3254
1 7991
3 1137 4608 3818
1 1795
3 559 1377 3265
3 939 8192 6589
3 4436 4135 5788
1 6900
3 7587 4774 1651
3 138 4830 1030
3 1191 3918 1266
1 5726
3 514 2571 7531
1 3681
3 7217 8 4600
1 6048
3 1172 5979 1741
1 4084
3 968 3402 3066
3 305 6443 2049
1 7325
1 4998
3 3801 4961 5218
1 1871
1 5983
1 8054
3 754 1585 3309
3 5306 7052 5111
3 2783 3366 7379
3 1095 4464 2705
1 7329
1 5817
3 975 1284 4316
1 4095
1 6160
1 2304
3 4341 5232 2602
1 4797
3 4547 5704 8054
3 231 5998 6075
1 1060
1 8096
1 565
3 6907 5371 6358
1 2817
1 1546
3 7965 5921 464
3 5277 1502 4233
3 3245 6531 1002
1 4839
1 4642
3 503 4426 6263
3 6015 1307 557
3 2853 2219 7826
1 5627
1 6889
1 3773
1 3249
1 6094
3 6454 5692 6213
3 888 7568 5148
3 2917 4040 5007
3 54 7162 5442
3 4298 132 2599
3 3198 1372 4599
1 2126
3 1153 3817 7673
3 7216 2722 3248
3 711 5935 4312
1 7614
1 6052
3 6509 2479 4169
3 2005 4651 4056
3 3096 3053 3569
3 5810 4385 3725
1 7672
1 631
1 4000
1 1370
1 3070
1 2538
3 3777 90 1996
3 391 4674 4221
3 3634 3132 7756
3 416 1809 2010
1 5959
1 1544
3 690 8157 3896
1 8128
3 2867 5972 1153
3 560 2139 146
1 1603
1 3199
1 8144
1 2819
1 4821
1 3202
1 3617
1 7265
3 5265 3494 5588
1 7549
3 7071 7371 7079
3 3804 3859 7380
1 6137
1 995
3 2202 1689 1533
3 862 6270 3393
3 5186 766 3444
3 1946 858 7760
3 7608 5138 6721
3 5338 7103 4267
3 4425 2813 4202
3 4029 6820 5900
1 6250
1 5509
3 1484 5229 727
1 8009
3 2075 3583 6923
1 1681
3 8070 8034 3734
1 6906
1 6314
3 591 3000 1848
1 3209
3 7023 1228 676
1 3996
3 3517 4634 2958
3 685 1104 1516
1 142
3 2289 1119 1001
3 493 915 1123
3 7917 267 3551
1 7865
3 6793 5289 6113
3 4171 7864 4183
1 7556
1 6952
3 7239 1988 3431
3 2943 1239 3112
3 172 6304 583
3 5826 2342 5450
3 5833 700 4626
3 5130 7470 1161
3 2378 1775 1661
1 6385
3 7053 344 3065
1 4094
3 408 1948 5120
3 2123 3287 4157
1 4400
1 2122
3 7694 5192 6928
3 52 1963 5648
1 2831
3 2463 7201 122
3 2821 3787 6777
1 790
1 6958
3 5201 3876 1297
1 157
3 4157 3679 4596
3 803 2579 4754
1 913
1 5953
1 5274
3 5443 8092 808
1 2317
3 6125 4552 6619
3 2658 5505 4441
1 4978
3 3652 7999 1871
1 6462
1 1671
1 1026
3 7266 7953 5799
3 737 3183 734
1 554
1 5274
3 8029 1987 2699
3 4134 920 519
1 2665
1 4309
1 2519
3 5739 5323 8088
1 5669
1 4212
1 7518
3 4922 5805 3682
3 4988 4310 3089
3 2944 4208 795
1 7215
1 4846
3 6778 3830 2484
3 4967 856 3252
3 985 1393 8080
3 3503 2048 4996
3 5628 163 6985
1 6265
1 4105
3 2967 6338 8000
3 7239 7468 3497
1 2453
1 4331
3 7105 5039 5513
3 5232 1078 1200
3 7536 3659 761
1 717
1 5164
3 7594 1479 318
3 75 6273 2518
1 4070
1 2973
3 1134 4511 611
1 423
3 1710 582 3844
3 7744 1444 4833
1 5095
1 1326
1 2240
3 4308 3373 714
1 2379
3 1003 2755 6368
1 3477
1 1132
1 2588
1 1236
3 2967 7010 524
3 7768 6701 1978
1 3906
3 5674 5237 7194
1 4424
3 5684 2456 444
3 3308 6640 1820
3 7745 6162 172
3 7077 2207 7498
1 6202
1 4278
3 2915 361 5953
1 5000
3 5712 1844 4841
3 3115 4679 5386
1 1719
1 7426
1 5580
3 4133 3115 5767
1 4022
1 3219
3 2171 3649 3009
3 5238 3778 7076
3 7856 4020 5018
3 6033 2157 6995
1 8119
1 4627
1 3829
1 517
3 5074 4259 2286
1 4862
1 5693
3 614 6916 2969
3 627 6689 4410
3 5631 1550 6146
1 3156
3 5057 6114 4810
3 1800 5280 5096
3 5167 968 1977
1 2502
1 5597
3 99 6454 1229
1 5196
3 455 2511 1748
3 6355 2361 7780
3 8070 36 6659
1 81
1 6225
1 4430
3 5666 4086 1171
1 7889
3 3950 7469 7893
3 7503 2205 4639
3 5742 3764 2857
1 1743
3 1683 2086 898
3 5395 5864 3631
3 6623 3765 1835
1 5497
3 968 4242 3331
3 1659 4204 2388
3 4211 7030 4333
3 1218 7931 5123
1 4091
1 3001
3 4714 3346 3816
1 254
1 4055
1 2431
1 7884
3 6172 886 6962
1 1273
3 5744 6009 1644
1 5384
1 2947
3 2179 135 1866
1 7040
3 88 2025 1354
1 4386
1 2713
1 7556
3 6919 5294 208
3 1684 4225 319
1 6303
3 4310 7685 2732
1 398
3 2160 1609 5408
1 5435
1 2723
3 2539 1786 7976
3 5598 5515 2336
3 5572 1999 3922
3 2557 6897 4059
1 1687
1 5017
3 1289 5028 6954
3 1032 5170 4969
3 3634 975 1852
1 6786
3 2019 6230 6169
1 2781
1 5997
3 6262 6732 2455
3 239 302 5196
1 6673
3 68 554 732
1 7401
3 6748 2173 3640
1 5949
1 2159
1 2369
3 6182 2975 4712
1 6787
1 2392
1 4012
3 6695 3143 3345
1 6034
1 5564
1 3150
3 7512 7321 8001
1 6322
1 4744
1 6606
1 6269
1 6345
1 7735
1 3412
1 2676
1 6864
3 7416 2499 5401
3 4695 4732 2753
1 1821
1 537
1 2588
1 6515
1 3894
3 4097 5740 8057
3 1342 3744 4327
1 2432
1 4434
1 4642
1 4951
3 4869 4627 7605
3 2778 3789 42
3 3394 1687 949
3 2234 5966 310
3 6134 5139 6281
1 845
1 1222
1 6790
1 2190
3 1328 4172 3995
1 7290
3 1874 3468 5304
1 6636
3 174 1840 6396
1 276
3 3564 6480 3504
1 7008
1 7257
3 5827 1777 7985
1 4282
1 7632
1 7717
1 2175
3 5292 2840 7754
1 5307
1 3782
1 6212
3 6480 1554 617
1 7884
1 3970
1 8094
3 1937 2920 3316
3 2078 2437 6874
3 7207 701 4253
3 1022 4134 599
3 4074 4752 3657
3 7284 7429 4654
3 3667 7748 7876
1 333
3 1446 2089 4297
1 615
1 6458
3 1105 3491 5984
3 1978 2991 4388
3 6466 4452 796
3 2466 4029 3264
3 7464 3235 4476
3 3590 1973 906
3 7347 6343 3542
3 5934 52 2514
3 4191 5604 2107
3 6838 7382 6620
3 2634 4776 3121
1 5379
1 2190
1 2813
3 8146 535 5510
1 1543
3 7734 5365 4929
3 1120 989 6036
1 10
3 4435 934 2655
1 6815
1 331
1 4894
3 6124 5986 3690
3 7900 7278 1052
1 932
3 3638 6657 3984
1 5251
1 3126
1 2643
1 127
1 4052
3 7948 1558 7998
3 4837 6576 2627
1 3946
3 5318 6193 5180
3 6255 2178 5234
1 7090
3 7373 140 580
1 4883
1 3986
1 3277
1 6672
3 4437 4952 4962
1 6567
3 2806 5668 3683
3 1540 6050 6857
3 7651 2664 7703
3 6071 5106 7281
1 4920
1 260
1 4016
3 3088 7488 1635
1 5612
3 6730 4533 1118
1 5832
3 1377 8140 885
1 4920
3 1596 6235 6975
1 1911
1 3913
3 488 7581 3879
3 2100 3570 6136
1 1898
3 7292 1422 2256
3 2491 6067 6170
1 936
3 492 637 481
1 6295
1 7451
1 3973
1 38
1 2910
1 6683
1 5840
3 8089 8148 7615
1 6580
1 4978
1 4235
1 1075
3 6020 2930 1448
3 2611 7969 499
1 4846
3 7127 3098 7221
1 618
1 6542
1 1136
3 3408 2463 3960
1 1851
1 1689
3 5976 2290 5100
3 2302 5181 1350
3 2853 6637 8032
1 5127
1 6943
1 6089
1 6288
3 746 2245 7727
1 6906
3 4660 1808 1856
3 4487 5800 6188
1 1395
1 7123
1 3740
3 3833 8076 4678
1 5195
1 147
3 1628 7421 1683
3 6442 7485 5815
1 2568
1 2723
3 1933 532 7731
1 6218
3 6654 77 6506
3 389 4061 2191
1 6735
3 68 7811 2489
1 3409
3 1997 2490 854
1 4190
1 1180
3 3084 6149 6456
3 2036 8130 1206
1 7096
3 7366 2587 1993
1 1886
3 368 5506 1929
1 3386
3 3770 2047 2106
1 2951
3 3092 5310 205
3 5341 2922 4888
1 1251
1 5143
3 234 3169 71
3 4735 1792 6879
1 2057
1 429
1 218
1 7070
1 8067
3 1823 5524 3241
3 5054 2161 6438
1 3790
3 3840 412 4924
1 7156
1 1766
1 1863
3 8071 6740 157
3 5907 7232 459
3 5111 1057 1428
1 2024
3 167 2193 3187
3 7938 1761 6715
3 2929 5912 5923
3 6226 5821 1676
3 2043 2454 2030
1 3058
3 6237 49 2769
3 7473 396 1772
1 3417
3 8186 3951 5697
1 6881
3 4183 3465 5784
3 2640 6987 697
3 1081 7785 2614
1 4087
1 4037
1 607
3 3212 1381 311
3 4729 3336 8132
1 3369
1 317
1 4725
1 6194
1 4025
3 3905 1576 1083
3 3928 5244 1823
3 5968 1114 1864
3 1927 222 6791
3 4937 7856 4644
1 6173
3 3619 2915 3672
3 7182 6455 5670
1 6473
1 596
1 5680
3 7021 5786 4906
1 6595
3 2818 2004 4914
1 717
3 1453 3793 1262
3 4804 5188 2773
1 4164
3 4391 4275 4746
3 7312 3329 855
1 7555
1 1644
3 5815 465 3014
1 5567
3 6566 1869 3015
3 4149 5477 6986
1 3368
1 6755
3 5010 2918 3940
1 7290
1 4301
1 3350
3 2930 978 3646
3 2782 4073 4389
3 358 1488 7271
3 4613 1967 7029
3 885 1303 2700
1 7775
3 7358 5539 6478
3 4690 6663 2105
3 3089 5928 6896
1 7639
1 4095
3 3324 6573 7875
3 5206 5818 7562
1 4427
1 826
1 100
3 7582 6855 1981
1 5051
3 5338 3837 5264
3 2775 4532 4671
1 1565
3 3163 6153 3993
1 2693
1 3216
1 1599
1 183
3 5090 2211 2967
3 2435 6909 6349
1 1114
1 2572
3 4660 2040 8063
3 2546 5568 3269
3 3432 1530 7547
1 4105
1 5401
1 2614
1 3185
1 4537
3 4263 6216 5687
3 5631 6743 7765
1 230
3 1591 6228 7878
1 6133
1 7767
1 3001
1 4934
1 993
3 1823 7416 7171
1 14
3 6030 4648 7105
3 3905 8070 6621
1 3405
3 6741 1524 3321
3 19 1707 2492
3 7734 526 4379
3 1174 1880 7063
3 7832 1176 306
3 6056 3857 1499
1 2551
1 7004
1 5407
3 5688 5925 3002
3 772 5965 5757
1 6074
1 869
1 7709
1 1303
3 2997 7766 1358
3 3746 7506 7661
1 3463
1 785
1 4360
1 3773
3 7135 4314 2834
3 2242 7883 7657
1 3838
3 1958 3412 822
3 5483 2216 5567
1 6318
1 208
1 7997
1 22
3 3938 2271 2937
3 3149 7977 2605
3 2138 4606 3302
3 3873 8123 491
3 2161 7187 5189
3 3130 2285 836
3 5041 4603 2149
1 5504
3 437 3001 1570
1 4379
1 6511
1 1767
3 2467 4568 25
1 5929
1 600
3 3833 8007 3354
1 125
1 6340
1 521
1 5146
1 3091
3 7238 4370 5875
3 6608 404 7230
1 4627
3 682 7830 516
3 5446 7772 1130
1 2475
1 8145
3 7864 3328 4855
3 4426 2029 1769
1 3918
1 4184
3 1162 5248 3072
3 829 5777 871
1 5058
3 5347 1646 7125
3 5437 5136 767
1 6159
3 7761 3106 3062
1 6382
3 2732 1042 1183
3 4997 4944 940
1 1503
1 5576
1 7548
1 3325
1 7143
3 4966 6918 3282
1 7850
3 707 1859 7854
1 6595
1 4031
3 6793 6764 6397
1 4443
1 547
1 7775
3 1607 6226 1484
1 1055
3 8169 5047 284
1 7992
1 5612
1 338
3 5772 5701 2085
3 6230 7386 1605
1 8057
1 6651
3 7747 3909 5157
3 7266 6826 6940
1 7783
3 5728 3937 562
1 485
1 5933
1 1015
3 809 7146 1224
3 7291 4060 5562
1 3639
3 5524 3271 1653
3 5230 7733 1346
3 3230 4015 5673
1 1661
3 881 2952 86
3 5776 4625 3022
3 4963 7895 2932
1 645
3 3072 760 3499
3 2754 5334 64
3 5496 3058 3386
1 4285
1 810
1 39
1 1035
3 2133 1433 3037
3 1889 756 3268
1 8011
1 1859
3 7339 6290 932
3 3949 1406 2104
1 1364
3 7498 4118 3447
3 5496 1012 6606
3 7245 3745 907
1 7506
1 2709
3 5065 299 5162
1 7630
1 1281
1 7589
1 4032
3 1529 2971 2934
3 7030 1402 3576
3 4238 7053 6617
3 1890 3228 1195
1 315
3 3940 6908 1518
3 2872 6243 4466
1 3627
3 7102 4072 5298
1 5075
3 4262 533 28
3 7512 3704 6086
1 6660
3 4910 5614 7481
3 5028 3842 7534
3 2500 4214 4515
3 5380 6870 3090
1 5247
1 5481
1 25
3 344 2350 1865
1 6858
1 5873
1 6999
1 4751
3 6631 4960 38
1 5053
1 5479
3 3426 2337 2558
1 3445
3 1528 2426 7227
3 5004 2170 4279
1 3757
3 233 967 5347
1 7516
1 7506
3 2506 6398 1450
1 7175
3 5 4391 3509
3 8078 5971 2153
3 2763 2473 6282
3 3324 1886 8011
1 3723
1 6498
3 6977 5863 2215
3 5018 4013 1607
1 5407
3 5084 2253 5273
1 2656
1 3043
3 3226 1713 3040
1 5020
3 6394 7361 4472
1 440
1 7143
1 2104
1 3581
1 4564
1 3403
1 2510
1 537
1 5512
1 1493
3 7001 4455 8098
1 3411
3 3883 5754 8064
1 734
3 1814 3253 3118
3 7488 3146 571
3 5199 7045 6859
1 8043
3 2899 2778 1811
1 3700
3 3298 1912 2217
1 398
1 4620
3 3914 5366 805
1 1362
3 824 5707 6585
3 7802 4844 1092
1 749
1 732
3 1997 6569 6726
1 4622
1 3455
1 3709
3 6991 2292 6871
3 3957 7195 2886
1 5669
3 59 4482 4490
1 2432
3 2394 4210 2417
1 5917
1 4577
1 8015
1 7360
1 7589
1 642
3 4449 265 1240
1 2848
1 5122
1 6675
3 6748 1329 530
3 2698 3484 4686
3 7843 7383 5780
1 1402
3 6286 7376 4613
1 822
1 3626
3 3648 1384 693
3 342 1127 2817
1 6797
3 6054 8102 3383
1 4764
1 3002
3 6490 6084 5376
1 1268
3 352 7013 7994
3 6411 3449 8083
1 7232
3 6513 4390 3703
3 4476 5758 1673
1 2044
1 6290
3 1065 8009 2706
3 2391 6941 7352
1 1851
3 7078 5154 2906
1 5992
3 4856 5664 2308
1 4045
3 4476 7329 7172
3 1670 4805 5603
1 1455
1 7526
3 7094 4770 1696
3 427 5776 4216
3 5683 5130 6862
1 4345
1 1930
3 7485 6490 6885
3 1376 5795 7628
1 6994
3 7944 1664 5643
3 5097 2563 178
1 6045
3 8115 5702 5415
3 242 4510 4192
3 7249 2721 1624
3 2333 1573 5847
1 6457
1 1460
1 3797
1 2349
1 228
1 7329
1 307
3 559 4211 2557
3 2512 1717 6163
1 3270
1 7725
1 642
3 6301 3538 6212
1 8040
1 7958
1 4218
3 36 4764 3272
3 8046 2837 4044
3 5683 5618 5423
3 252 451 4261
3 7544 6610 2362
3 3560 7341 2136
1 8067
3 7731 1166 4862
3 7809 821 21
1 833
1 4084
1 210
3 5767 5307 5958
3 2881 3961 4637
1 6009
1 5302
1 3636
3 1511 7834 652
1 2691
3 2595 162 7131
3 1674 4343 8168
3 4272 579 4876
1 5221
3 3950 4882 1310
1 3086
1 7870
1 2706
3 6470 1005 7397
1 1373
1 7963
3 3887 5941 147
3 4344 7495 4845
3 2460 5284 3197
3 6605 1418 3901
1 2499
1 1306
3 1341 2131 408
1 5135
3 7585 1244 3763
1 1973
3 5906 5041 6033
1 790
3 4226 5125 5839
3 5230 6131 453
3 5037 4729 5632
3 5326 1726 3932
1 448
3 7106 5066 3231
1 6321
1 6881
1 4781
1 1732
3 1977 6109 1351
1 7116
3 3454 2222 4658
1 931
3 487 4857 7431
3 6617 4575 7898
3 2732 5640 87
1 6118
3 5767 3043 4285
3 2942 4757 502
1 6544
3 3575 7305 3850
3 2760 1285 5083
3 7931 3766 2559
3 6286 7571 7945
3 2160 5561 1205
3 1008 3773 4826
3 5044 5790 3013
1 2151
3 7412 5367 2494
3 3437 2968 7069
3 2718 1608 3889
1 6994
3 7134 7374 2428
1 8014
3 742 4278 5190
3 439 4840 7968
1 6910
1 5080
1 3221
3 4010 7279 1910
3 6997 2054 5077
3 7064 6176 3924
1 889
3 5061 2419 5233
3 742 4878 1704
3 7527 1643 295
1 2585
1 8181
1 5750
1 341
3 1037 7168 4667
3 6957 5650 2121
3 1392 5807 905
3 1505 7367 6294
3 34 3203 1031
3 3152 2042 4239
3 4286 7653 438
3 6122 985 4975
3 490 3599 3307
3 3718 6240 3671
3 4523 8052 806
3 6333 3341 2391
3 5634 2413 3927
3 990 7215 6888
3 3804 1257 1014
1 7133
3 4481 7262 5191
3 5117 7439 1147
1 2354
1 541
3 7393 8079 6790
3 4050 7139 4583
3 1432 6326 7141
3 6041 2685 2807
1 7065
3 5188 181 3445
3 2788 2541 8069
3 7087 2097 5107
3 267 7142 2379
1 6039
1 4170
1 6571
3 3957 4931 2182
3 4311 5684 7373
1 673
1 5039
3 3755 149 7909
3 520 5989 4526
3 427 5409 7087
3 7644 694 2827
3 4968 1094 4165
1 6960
1 1863
1 1861
1 7897
3 6121 6148 5034
1 4759
1 3630
3 4132 6632 1913
1 4395
1 2216
1 2403
1 6387
3 5581 4566 6706
3 500 1318 6560
3 934 7059 2043
3 7557 5662 4742
3 249 7205 1067
1 4083
1 1360
1 3231
1 260
1 429
1 631
3 4958 3577 3333
1 7081
3 2378 7638 3790
3 4789 3122 2779
1 3976
1 7579
1 8083
1 1696
1 4826
1 3304
3 7559 4230 6408
3 267 2255 8072
1 6574
3 5319 2466 4287
1 3009
1 3151
1 4345
3 6454 3240 3077
1 6290
3 3355 1806 5770
3 5796 260 7038
1 489
1 3319
1 5290
3 6495 242 6494
3 5928 1474 6738
3 4468 1813 1883
1 4524
1 7351
1 2058
3 971 2458 7060
1 5950
3 1545 6516 4130
1 3446
3 4625 5115 772
1 4727
3 5074 5951 8084
1 5106
3 4174 470 5342
1 148
1 7708
3 6839 4538 3753
3 4352 4019 4291
3 408 2738 1457
1 7301
3 853 4900 1233
1 3449
3 1191 3636 4181
3 2925 7337 3301
1 6515
3 7306 7339 6278
3 6728 7635 6356
3 3235 3742 4653
3 1641 1098 1985
1 1671
1 2744
3 787 4012 4022
3 2335 3222 1733
3 6772 6988 7132
1 2103
3 796 8053 2983
1 2700
1 6025
1 3445
1 4045
3 1626 1373 6272
3 6193 6145 7918
3 2236 6452 5019
1 1010
3 755 8066 1921
1 5983
1 5659
1 5365
3 8078 6543 844
1 5462
1 4138
3 3646 4800 5040
3 3226 1729 2966
3 4059 4227 6383
1 5083
1 4469
3 6541 6206 1690
1 1644
3 4252 2495 6674
3 3308 540 4271
1 1544
3 6124 3934 7011
1 3259
1 5480
3 5798 1937 5286
3 4610 2037 3088
3 1505 892 3546
3 6912 2691 5476
3 3944 1477 4848
3 4755 2642 395
1 3743
3 5260 7325 1039
3 6284 4460 2072
1 3830
1 6175
3 3667 8151 3985
1 2542
1 7791
3 3822 6239 478
1 1497
3 1577 891 3824
3 898 3707 5250
1 8100
3 610 1505 3388
3 6654 3552 2281
3 4659 2077 3848
3 5322 372 4122
1 136
1 7743
1 7639
1 5740
1 736
1 7170
1 183
1 4878
3 7936 4187 4200
1 6042
1 3237
3 2214 6171 4070
3 6754 798 2198
1 2424
3 4286 651 5518
1 2422
1 928
1 192
3 5029 7819 1831
3 3934 5872 5823
3 5243 1082 7654
3 3682 425 3238
3 6139 7241 3205
1 4156
3 2830 6497 5177
3 6556 1025 3351
3 1521 6046 4414
3 2500 6520 2829
3 4330 7736 83
1 2041
1 2016
1 1467
1 4839
1 5967
1 1573
1 6369
3 2480 5012 5486
1 6574
1 4402
1 3356
3 726 4050 1702
3 5009 4415 3781
1 5950
1 8061
1 4563
3 638 6093 5741
1 2151
1 1942
3 6616 1218 5319
1 1464
3 7098 6830 627
1 5532
3 1448 4468 301
3 5314 5167 6961
1 7480
1 1884
3 273 5265 7276
1 4206
3 2028 2332 1179
1 7958
3 6709 5042 216
3 1914 3382 1906
3 3239 1412 78
3 6948 5947 704
3 5616 7061 7757
1 6828
1 732
3 2634 3313 66
3 4808 3421 1647
3 5670 7008 6118
1 235
1 5586
3 5857 4133 4659
3 2123 1220 3661
3 5412 3514 8144
3 6521 4564 2069
3 5192 1855 3647
1 1755
1 1840
3 3590 5579 2328
1 1696
3 4864 4758 2287
1 7014
1 1757
1 4015
1 6250
1 2555
1 1385
1 7598
1 7634
3 7869 7190 5869
3 667 5393 961
1 1092
1 851
1 7769
1 5811
1 6441
3 1321 3127 7559
1 3219
3 4449 5226 3685
1 4907
1 5068
3 2226 5677 5392
1 7624
1 1721
1 4066
1 5681
3 627 5977 1770
3 8156 2524 663
1 2338
1 4946
3 3285 5915 5471
1 6298
3 1771 4444 1992
3 5641 5605 4847
3 7756 5550 7781
3 2642 7684 23
1 7273
3 563 4322 6426
3 7416 3882 6648
3 4263 1555 3141
1 7785
1 3031
1 2507
1 6784
1 1021
1 5368
1 5357
3 2521 7630 6089
3 1974 551 4305
1 764
1 6107
1 3527
1 2786
1 6254
3 4378 4675 2710
1 7572
3 2626 3102 1143
1 1202
1 5551
1 3137
3 829 4701 4877
1 4335
3 5128 6945 7144
3 6834 7303 2713
1 7846
3 2410 5340 7750
3 6715 2757 6720
1 1464
1 4977
1 3676
1 3068
1 7819
3 1527 6503 7526
3 6451 3397 1721
1 1473
3 1065 7452 917
3 4999 7889 1296
1 5761
3 1994 5844 3819
1 248
1 1496
3 7971 1942 547
1 1380
1 23
3 6198 5556 2067
1 373
1 932
3 1509 3705 6812
3 340 7487 4336
1 2315
3 6053 7150 4759
3 3180 7294 7213
3 7682 3907 7284
1 5545
3 2482 5531 7751
1 4085
3 6842 4188 7614
3 1571 2515 7400
1 6304
3 7508 2154 4748
1 5709
1 3535
1 248
1 4163
3 6759 6414 7286
1 446
1 263
1 3846
1 6787
3 783 6670 2970
1 7681
1 3830
1 6917
3 3245 6539 2622
1 3794
3 6416 6362 5228
3 5937 352 7948
3 6514 410 6334
3 1545 338 7991
1 2031
1 3886
3 1321 2156 115
1 7413
3 2655 812 7600
1 5377
1 331
1 993
1 6947
1 3348
3 5246 2254 6584
1 4634
1 7555
3 7297 2326 4858
3 5734 5242 2174
3 6198 4849 1340
3 3672 3592 6526
3 7338 4718 2402
1 5505
3 6782 8060 5694
1 5302
1 1951
3 5502 8078 8187
1 2084
1 8025
1 2691
1 7520
1 2552
1 3519
1 6036
3 2293 4822 4809
3 153 3381 4307
1 3709
3 36 7589 1293
3 3509 3689 3589
1 1768
3 7376 5488 2133
3 6577 2681 2946
3 1246 3339 4730
3 4191 3664 5484
1 4559
3 6226 819 2244
3 3021 2797 5698
3 5831 7450 4137
1 4447
1 6145
3 6663 4892 2608
3 4226 2261 1597
1 7558
1 4339
3 490 8163 7443
1 2493
1 5280
1 7311
3 6167 5828 2200
1 5576
3 2528 1089 671
3 6491 291 1018
3 4574 3801 4799
1 6549
3 1904 3811 1125
1 7244
1 723
3 2203 6280 6625
1 5580
1 5441
3 3169 2061 5317
1 2455
1 5693
1 2647
3 7282 1337 3330
1 2022
3 2899 6313 327
1 4647
3 7898 7939 7451
3 3724 2845 5867
1 6606
3 1956 4018 3727
3 2754 500 219
3 2242 5440 5926
3 6591 7446 3794
1 7458
1 6243
1 1616
1 5381
3 3841 406 5405
3 3296 3221 8124
1 6302
1 7112
1 2142
1 5431
1 2176
1 6179
3 2249 1902 2053
1 2673
1 5064
1 4797
1 3099
3 64 1672 4366
3 244 2009 6160
3 2179 7722 5834
3 4718 1526 4632
1 4672
1 7733
3 6604 1575 5615
1 3904
3 930 6505 4340
1 3421
1 793
1 6622
3 5749 4766 5521
3 301 7486 1134
1 2980
3 5345 2146 2784
3 2386 4266 5530
3 2514 5612 5143
1 6441
1 2799
1 6095
3 3722 835 3262
3 2908 3897 5337
1 1275
1 4122
3 1139 1185 7216
1 6668
3 1229 3916 109
1 1006
1 7572
1 1665
1 7719
3 6412 3688 1038
3 591 3715 4289
3 8020 4339 1719
1 3601
3 3840 3561 5794
1 1012
1 6159
3 4963 7903 5973
1 4441
3 5380 3144 474
3 5885 1960 3665
3 1120 6681 6858
3 7793 2793 3142
1 6984
3 508 8008 1482
1 8010
3 5581 4783 4486
1 2894
1 4844
1 5570
3 5713 5330 1885
3 3232 5746 6372
3 4999 2838 189
1 7295
1 6771
3 2008 1990 5942
3 2556 246 6484
1 1806
1 382
3 3298 138 2633
1 7016
3 8037 4077 2636
3 2111 4219 6999
1 362
3 7074 7899 6510
3 3652 4680 4283
3 5041 1746 811
1 7229
3 6621 5102 5753
1 7277
1 7688
3 2858 847 3784
3 5942 6915 5960
1 5806
1 5055
3 308 2397 5380
1 1740
1 4974
1 3600
1 7970
3 7742 2364 8152
1 949
3 4175 8191 6210
1 112
1 5091
3 3510 1861 7997
3 6056 8186 6570
3 898 1509 3226
3 7718 1243 6197
3 1229 6221 2277
3 7110 41 7690
1 1039
1 1699
3 7615 7411 5225
1 1503
1 817
1 5146
1 2838
1 4960
3 5910 209 6753
3 3789 7587 4298
1 3469
1 4478
3 3285 4207 4919
3 4616 6532 5335
3 6856 5889 3276
1 6188
3 4801 1397 2826
3 2460 4252 3822
3 7615 2879 101
3 6956 6048 3772
1 5368
3 7867 3929 963
1 210
3 6311 4619 3953
3 6585 5372 1405
1 6533
3 2036 4999 4968
3 5123 7652 4254
1 957
3 6605 7148 980
1 4679
3 1367 6472 4702
3 7297 7387 7691
1 663
3 7379 1325 2689
1 4082
3 1308 5534 4280
3 5485 3049 6763
1 3679
1 7573
1 4594
1 5508
3 2955 2907 8109
1 2529
1 4785
1 4977
3 612 2876 3110
3 4061 3081 1209
1 5758
3 6455 2873 6930
3 4909 3036 3179
1 6310
3 5995 3910 5447
1 382
1 1949
3 6730 4262 5720
3 575 5616 6509
3 3073 3409 7870
1 890
3 2028 6849 2978
3 895 2065 7454
1 6001
3 2842 1081 6024
3 5712 6733 6917
3 3166 1421 1887
1 1538
1 2431
1 459
3 5864 613 7155
3 5734 4034 6292
3 2481 1767 228
3 3960 2032 4792
3 1547 3165 5950
1 6653
1 381
3 7237 1874 1629
1 6503
3 1669 5480 5726
1 7654
1 1595
1 7244
3 3865 5901 1017
3 1756 3292 4206
3 4385 1566 5269
1 5311
3 3355 5851 4302
1 1136
3 7390 1095 4321
1 2376
3 5617 3662 6022
3 1048 1675 3200
3 6309 8019 316
3 7346 5878 5576
3 6759 7151 5088
1 6960
1 7037
3 5634 7176 403
1 4896
3 3388 2239 6814
3 8029 5963 7701
1 4703
3 4952 5705 7269
3 602 3881 7249
3 1593 1357 7041
3 6082 1279 5424
3 71 1469 7804
3 6172 2877 2013
3 7421 441 6491
1 1324
1 6893
3 4267 5057 5009
3 1591 3949 7916
1 2535
3 5173 3467 113
3 52 7175 7905
3 2088 4785 3973
3 472 7558 2119
1 811
3 950 6534 7913
3 4967 7917 4804
1 4756
1 7980
1 1320
1 4935
1 6729
1 8016
3 555 2613 1360
1 4596
1 1806
1 4620
1 1466
3 4029 7193 6475
1 7037
1 5066
3 3424 2762 413
1 7841
1 2708
1 5600
1 4972
3 7794 2408 5174
1 2635
3 3346 5243 774
1 4197
3 4533 7222 3035
3 3874 6877 7698
1 7730
3 2129 241 594
1 2563
3 4210 911 877
3 7066 321 5639
1 5092
3 1327 6910 1503
1 2284
3 3338 4097 8097
3 197 5361 2823
1 7767
3 6566 624 1099
1 13
3 4541 7094 4631
1 23
3 7031 4054 2850
1 4653
3 8059 6982 1321
1 3057
1 4588
1 7525
1 5285
1 956
3 3961 2774 743
3 1184 4163 3068
3 3661 4409 3627
1 5520
3 7682 1946 3214
3 1888 7420 244
3 1355 913 5509
3 3366 4488 542
3 1411 6174 4164
1 5566
3 6561 3919 1677
1 6528
3 7952 5846 7442
3 3777 6393 1703
1 5039
3 8045 3320 4507
1 7646
3 1958 2848 2016
3 1369 7984 65
3 5425 2482 7952
3 2207 1070 6181
1 5837
3 4980 1313 2272
1 6889
1 2631
3 465 3525 6344
3 5742 374 7258
1 3909
1 6953
1 7259
3 1118 3322 7327
3 2654 5974 7707
3 3844 5338 7816
3 1937 941 3116
3 2703 1102 7235
1 187
1 997
1 1163
1 4875
3 4305 5725 8025
3 3631 6686 456
3 7224 6110 3515
1 5541
3 3335 3419 1000
1 5356
1 785
1 6681
1 5285
3 866 4853 397
3 1023 2864 1481
1 4744
1 1658
1 1953
3 5749 6029 6435
3 3203 2464 7836
1 7573
3 6623 826 7413
1 2676
1 3882
3 150 6709 2006
3 5 5606 3198
3 6991 1295 1553
1 102
3 6789 2780 3083
3 5671 1198 3613
1 1127
1 7502
1 6808
1 3800
1 1434
1 7785
1 1926
1 3903
3 6701 629 1920
1 752
1 4135
3 5738 3555 2766
3 3671 3304 908
1 2471
1 6694
3 6509 1747 2020
3 8187 1169 5037
3 2466 4582 3429
1 6660
3 1692 1323 621
3 2760 8100 5665
3 3587 2842 958
1 4587
1 882
3 849 6007 7058
1 5377
3 8019 2076 3466
3 3914 7648 4923
1 2863
3 7913 769 8049
1 1887
1 4069
3 7249 3018 6502
1 4587
1 1603
3 4702 1011 471
1 5545
1 6633
3 4649 5179 3931
3 7023 6268 4736
3 3952 7794 1632
3 3699 1436 184
1 6232
3 6977 4794 6731
3 6647 4440 3027
1 4091
1 6688
3 2062 6518 5463
3 3133 7138 3795
1 6107
1 7606
3 5027 1160 6023
3 5621 3709 5638
1 6808
1 2647
3 6306 8164 3900
3 724 7424 4021
1 5329
1 8009
3 328 4357 2661
3 5729 5308 5185
1 5190
1 4014
3 4260 3997 4186
1 1364
1 3124
3 3947 8056 1567
1 7872
3 5009 6191 7107
3 3327 3263 4108
1 5638
1 3055
1 369
1 5756
3 1634 259 3962
1 4703
1 4394
3 975 3891 5299
3 442 3046 4611
3 6559 865 3539
3 1352 3609 6517
3 4870 3629 1167
3 4112 2135 8043
1 5603
1 5856
1 6888
3 6449 3977 4523
1 5373
1 1617
1 4039
3 1154 6214 7159
3 2414 794 7767
1 7876
3 7074 4047 5224
3 4433 3286 450
1 3097
3 4456 6626 2792
1 2003
1 7596
1 5127
1 7865
1 1476
3 6630 750 4959
1 527
3 3770 7427 3070
3 3218 5709 2947
1 3177
3 2131 7714 4350
1 4062
1 457
1 3785
3 7019 6078 5718
3 3718 6384 1950
1 792
1 6668
1 1573
1 2558
1 5914
3 6464 813 366
3 4321 2267 5011
3 3429 2525 6437
3 6585 7515 2532
3 2930 2404 6754
1 7104
1 1944
3 1811 7521 4075
1 1075
1 7484
1 6712
1 7866
3 7945 320 4513
1 2573
1 5746
1 5941
3 5719 7527 1577
3 3079 5216 1248
1 7605
3 486 7842 2188
1 6914
1 5878
3 1947 7694 4690
1 3846
1 7692
3 5037 4273 3194
3 3180 4365 2836
1 443
3 4450 5495 7837
1 444
3 6446 3350 454
3 7379 5119 589
3 6548 7484 2517
3 3722 5113 7304
3 2099 7479 5275
3 3475 6677 6782
3 6134 6381 1903
3 3044 786 4976
3 5292 3505 6613
1 2635
3 5676 6934 4038
3 1783 797 3791
1 4479
1 2447
3 7207 4093 2809
3 7430 5437 1308
3 3476 4943 1113
1 1430
3 3037 4698 5652
3 1104 6787 3325
3 1017 6154 962
1 1055
1 7819
1 2462
3 7805 6066 1361
3 7336 7795 2670
1 8094
1 706
1 6062
1 4498
3 8169 7669 1847
3 6756 6269 6366
1 7640
3 2241 4481 7225
1 3402
1 6395
3 2734 4704 1532
1 4062
1 7112
3 3993 2520 2962
1 6001
1 3349
1 2103
3 3949 2325 2265
3 6117 6462 5761
3 7839 3280 1705
1 4946
1 3390
1 4842
1 728
3 2549 1578 3594
3 5394 7575 4528
3 7840 6571 1722
1 3183
3 7098 2956 3624
1 5311
3 7019 4081 200
3 3531 3815 5584
1 6638
1 2057
1 8102
1 2047
3 6583 1467 6369
1 720
3 1458 426 3972
3 7663 7522 2224
1 2519
1 6815
3 2633 735 1347
3 3290 5939 5397
3 2147 7656 6667
3 5049 2862 3933
1 5866
1 29
1 1590
1 4156
1 4285
1 7280
1 1061
3 152 8115 6082
3 5335 2225 5056
1 6580
1 6272
3 2227 2474 5135
3 7144 662 5097
1 1210
3 685 5240 4456
3 6841 4190 6395
1 2854
1 6409
1 6788
3 303 6354 3206
1 981
3 5040 2825 3453
1 69
3 3807 4683 6714
3 3173 6044 4395
3 2734 1941 1838
1 4495
3 433 106 4126
3 486 6182 991
3 3769 6884 5288
3 2214 2103 6725
3 2237 8037 6793
1 2065
1 2257
1 1673
3 5220 5511 7314
1 4283
1 7729
1 5135
1 4554
1 7038
1 7859
1 3785
3 4662 2513 7133
3 6058 3501 7929
1 3592
1 7172
1 159
1 757
3 7240 4760 5602
3 5565 558 4057
1 2615
3 4256 3644 2944
3 4989 7775 1403
1 2489
3 950 4003 954
3 696 4011 2617
3 279 6651 5520
1 6636
3 4348 3185 6737
1 4498
3 5277 3416 7208
3 1409 5763 4319
3 7651 4614 2303
3 5833 1237 1663
3 7080 5253 2540
1 5081
1 995
1 3810
3 6351 164 5558
3 3865 2196 990
1 5845
3 6138 4360 3414
1 1473
1 1681
3 3767 7738 600
3 1225 362 1645
1 2759
3 4533 6328 5672
1 1973
1 7349
1 5958
1 1864
3 4468 2546 5220
3 6306 3360 4607
1 1706
1 3743
1 5654
3 1970 5431 5481
1 457
1 440
1 2598
3 6263 3533 4258
1 6639
1 6327
1 25
1 5235
1 2164
1 1266
1 6672
1 5648
1 2856
3 4993 4417 8149
1 4082
3 5980 7493 1596
3 7801 8178 6836
1 4679
1 189
3 3944 4545 730
1 2774
3 7189 7663 2005
1 5655
1 3519
1 538
1 917
3 3624 7119 4296
3 4779 4588 5507
1 851
3 4682 2307 8045
1 1821
3 4348 2609 4786
1 884
3 7842 5932 1519
1 2265
1 6314
1 4491
1 7146
3 6768 4591 3547
3 1624 251 729
1 5257
3 5099 1557 8046
1 3482
1 7783
3 4837 7696 5548
1 6318
3 1714 1193 1742
1 1726
1 3087
3 3848 3904 1599
3 1874 1922 3472
3 303 4136 5351
1 1917
3 7934 738 2701
1 3565
3 7089 5400 1510
3 2218 4469 7859
1 1618
1 6599
3 441 4001 6907
1 605
3 6431 3697 3374
1 2021
3 2137 3560 4351
3 4074 6202 1681
3 3517 2427 2582
3 3490 1686 4220
3 7885 7050 332
1 847
1 5929
3 6069 2859 4372
1 4129
3 6766 1679 3017
3 5219 6120 6611
1 4232
1 7454
3 7761 7496 2979
1 1267
1 6681
3 5204 2703 8146
3 7498 7356 6823
1 5529
1 4395
3 4871 6371 7456
3 191 3432 595
3 3394 3209 5251
1 2509
3 3398 5063 4937
3 7125 3210 6470
3 3175 4529 6873
3 3750 3820 3096
3 4818 5172 4954
1 1259
1 5726
1 897
1 5093
3 3239 4501 1260
1 8072
1 6779
3 7996 5378 3860
1 3702
3 7533 7114 493
3 3836 4993 2924
3 7986 5553 945
3 1188 4332 1356
3 4162 5445 6624
3 2077 1701 6554
3 436 6194 5945
3 2578 7729 7606
1 2047
3 3640 5748 1744
3 7408 8110 5708
3 6969 7723 5680
1 2662
3 5538 7242 1974
3 7503 4144 6234
1 6612
1 7688
1 7740
3 2766 6244 4719
3 7264 8042 1797
3 1044 2782 19
3 2236 1348 5045
3 6772 4369 1074
3 6480 3100 2283
1 2493
1 1621
3 5112 6622 371
3 6556 3440 6204
1 6188
1 2868
1 2376
1 211
1 7978
3 1812 3406 5101
1 5464
1 3137
3 7033 287 2446
1 6428
1 4222
1 1840
3 2402 3588 4740
3 3822 3244 3562
1 7863
1 4439
1 5850
3 6875 3172 4373
3 6632 544 405
1 1726
1 2456
1 4668
1 3094
3 6631 6179 2126
3 1203 6893 7068
1 7287
1 6129
3 6955 7296 4293
1 5205
3 7894 7586 3004
1 4066
1 6404
1 2009
1 3723
1 5462
1 2328
1 7425
3 2858 2747 1621
3 6069 2476 1494
3 8115 7990 2169
1 4244
3 6100 5301 1827
1 2149
1 6282
3 5617 3052 7609
3 3377 7580 2273
1 7446
3 3975 702 1522
1 7142
3 3210 7957 7404
3 740 7891 3487
1 1402
1 6737
1 6044
3 3214 4762 154
3 5232 2212 7184
3 6002 7207 862
3 3217 4167 7372
1 7175
3 6513 3738 5142
1 3798
1 936
1 1820
1 3862
1 3032
1 5838
3 2417 3747 4883
3 6125 6073 67
3 4404 6507 7561
1 4775
1 4867
3 138 3694 7474
1 2347
1 7040
1 1013
3 7345 2262 6684
3 349 7711 6359
1 3863
1 6733
3 487 3162 3064
1 5164
3 6769 6127 6546
3 296 4007 3500
3 8035 4949 8155
3 3835 5596 6943
1 949
1 5451
3 7917 7901 753
3 756 5462 6549
1 712
1 1940
3 215 643 6693
1 7542
1 3855
1 1227
3 7251 6865 7678
1 2318
1 226
1 5384
1 2195
3 2794 7813 6337
1 691
3 1815 960 2536
3 2983 6260 8081
1 2999
1 228
1 1625
1 5878
1 294
1 6010
3 4575 1006 2403
1 3247
1 6979
3 7686 5362 5582
3 1967 4541 2528
1 4042
1 3528
1 2720
3 249 2116 6038
3 3398 6466 1710
1 3553
3 2173 5976 1468
1 6573
3 7521 7569 5420
1 5221
1 232
3 4290 5171 4082
3 4616 177 5706
1 4554
3 1125 4981 2645
3 7080 4432 1368
1 7056
1 7997
3 1883 1256 2677
3 6082 2420 4194
1 6876
3 507 6008 7152
1 470
3 6447 4435 7858
1 531
1 593
1 6634
3 6287 7810 5024
1 607
3 5688 7782 2431
3 1761 4617 7091
1 3050
1 5788
1 2582
1 7407
1 4647
3 8068 6792 3479
3 4406 6323 4418
1 2159
1 2550
3 6502 2861 7612
1 5622
1 3231
3 2763 8105 1364
3 7686 988 3726
1 646
1 362
3 4971 1841 4946
3 5764 775 5523
1 3772
1 1333
3 5178 1538 3091
3 6961 3517 5178
3 2143 731 1634
1 5290
3 746 7607 4874
1 3604
1 7646
3 573 7102 7557
3 5922 6771 6483
3 5419 1480 5733
1 3612
3 5572 494 799
1 4546
1 6396
1 2517
3 5713 5905 4094
1 5630
3 3605 1062 4733
3 324 7560 1032
3 3274 6387 4951
3 1167 8131 5464
3 19 4383 5203
3 5186 3495 1514
3 5970 2365 3105
3 5937 2070 3101
1 1645
1 5293
3 3341 5341 6993
3 6829 3785 3981
1 7273
1 2668
3 3758 2791 7759
3 5482 8114 2752
3 976 6850 2141
3 731 8005 5836
1 3513
1 6747
1 4071
3 5670 29 2338
3 2918 5682 3342
3 5775 7031 2357
1 2610
3 6875 2553 1299
1 3276
1 1351
1 5460
1 1403
3 7732 525 5235
3 2601 7057 4518
3 5227 1642 2578
3 2390 1801 5059
3 1449 125 383
1 6409
1 3011
3 6963 6040 1569
3 6416 7790 5525
1 1271
3 1290 1756 6919
1 480
1 1983
3 6305 4002 3480
1 764
3 3671 6327 5291
3 1978 634 3251
3 2405 2457 3840
3 6829 3104 5969
1 5144
3 3529 6735 5835
1 6867
3 1959 2667 7092
1 6634
1 2347
3 2881 4633 5813
3 3828 7124 4477
1 6732
1 4913
3 5652 6798 1718
3 6090 5121 7989
1 1835
3 4652 3461 6450
3 7126 5303 5166
3 2438 8048 2653
1 4466
3 6897 5503 3390
1 2984
1 7810
3 3624 4509 6119
1 1388
1 1090
3 7768 1438 6100
1 5476
3 4909 6011 5681
1 3838
1 2591
1 768
1 4028
1 7792
3 692 5546 7592
1 2725
1 3692
1 3397
3 3841 4773 4621
1 1072
1 369
3 2934 7301 3800
3 2925 7026 6257
3 2929 1715 1754
3 8187 2623 7489
1 7382
1 372
3 3232 5570 8023
3 3353 5030 5686
3 4822 4371 5542
1 6725
3 2580 4745 845
3 1990 546 1028
3 5001 563 7885
1 6272
3 2075 2018 6315
1 6046
1 6867
3 6659 1822 681
3 7317 5314 3905
3 4833 191 5054
3 2987 368 2160
1 4190
3 4442 2669 3451
3 4691 5634 573
3 6326 3401 5575
3 7490 5881 4306
1 6304
1 5529
3 5986 6635 378
1 810
1 1665
1 3810
3 1089 331 5992
3 1879 6351 4856
3 5138 6346 381
3 3801 3979 5927
3 1717 6469 6564
1 6626
3 8038 6168 4403
1 4525
3 7291 6096 7012
3 2397 6203 7399
3 4255 2900 2618
1 1822
1 1236
3 1169 2430 6875
3 3256 62 1583
1 8120
3 7885 7647 1870
3 3587 5934 685
3 5385 2592 2259
1 181
3 169 7288 6708
3 6167 4788 350
3 823 2223 1324
3 3977 2322 5730
3 30 4546 5263
1 3617
3 2405 3245 1040
1 4459
1 7792
3 4294 6615 75
3 2005 5908 4843
3 3927 3693 773
3 6766 1695 1459
3 4648 706 5512
1 2863
1 784
3 3819 263 369
1 6108
3 2094 6004 5590
1 7614
1 5456
3 1258 3030 7441
3 1890 4475 6209
3 7643 4353 2478
1 5237
3 1593 4932 3516
1 2651
3 6043 1736 1188
1 598
1 3990
3 2998 193 7005
3 5607 5871 6277
3 3825 2011 863
3 3152 7625 4506
1 6403
1 8189
1 5865
1 2522
3 7592 4009 5936
1 4282
1 3277
1 7083
1 1097
3 6419 7651 1914
3 3290 5904 3713
3 8034 4364 7525
1 3946
1 1060
1 1621
1 6953
1 1841
3 4250 5898 1743
1 3292
1 8131
3 1185 7129 2352
1 3684
1 5143
3 7668 7874 3459
1 6650
3 5884 7737 5326
3 3101 6959 2888
3 3046 3813 2401
3 1883 3917 6018
1 3985
1 6133
3 4586 1165 5413
1 7267
1 882
1 1844
1 7735
1 5413
3 4132 7742 349
3 7560 2717 6860
3 184 1047 7882
1 1015
3 6140 6607 7728
1 4913
1 1013
3 1219 5205 3258
3 7559 256 5781
3 2842 4487 5712
1 5933
3 4351 6568 1190
3 5720 6406 1535
1 1434
3 6561 4548 432
1 453
3 6169 7378 6380
1 5179
3 844 2140 3490
3 4581 3578 3668
3 7168 1732 4693
1 448
1 4680
1 6786
3 7370 2743 7907
1 2792
3 7560 2841 6530
3 582 4356 4933
1 3854
3 2593 2941 2856
1 2484
3 7135 602 2468
1 5665
3 6012 2808 5278
3 1602 4636 1282
3 8109 6069 7264
1 7719
1 1296
3 92 5451 5750
1 1719
3 678 2027 1548
1 3976
1 5694
1 4775
1 2542
3 7346 6271 6662
1 649
3 3300 875 6237
3 3966 1463 6409
1 3926
3 6502 5620 536
3 1744 5212 6322
1 2337
1 2288
1 2185
1 142
1 4178
3 463 4215 1674
3 1121 6297 7806
3 166 8107 894
1 3189
3 6043 5485 1956
1 7115
3 1596 5390 3635
1 7617
3 6896 6744 4347
3 6057 4361 5455
3 7120 1196 6128
3 1697 5888 1288
3 5110 1666 4398
1 4612
1 6479
3 6141 4775 4156
1 1653
3 2198 944 7721
1 1390
3 2105 4942 345
3 6570 7922 2012
3 990 2725 3026
3 2983 1341 7098
1 3085
1 1831
3 2086 7594 1592
3 7364 7196 7926
3 3235 2389 2588
3 2971 656 1972
1 39
3 1912 5892 5943
1 2910
1 2345
3 8081 415 866
1 5434
1 6903
1 5755
3 6942 4453 6105
1 1858
1 1834
1 576
3 3993 3427 3297
1 4135
1 681
1 2374
1 6279
1 2064
3 1044 964 3152
1 4790
1 1380
3 661 5331 1086
3 1632 6522 6559
3 5316 1594 7335
1 1871
1 1320
3 6905 30 2171
3 3881 7033 5410
3 664 1730 1156
1 6215
1 3464
3 3033 4442 7358
3 2429 382 5195
3 8003 7958 1513
3 3041 6125 207
3 824 2607 5443
3 297 99 7894
1 1738
1 3205
3 1572 3204 3458
3 7336 1034 7604
1 192
1 5716
1 6527
1 2523
1 2465
1 1668
1 7223
1 4657
3 4013 5671 401
1 4479
3 5607 4852 1317
1 4900
1 6722
3 1322 7323 2665
3 4968 3675 1931
1 1760
3 760 4377 1560
1 6423
3 4020 1432 2460
3 1438 6614 6562
1 3375
1 2989
1 4847
1 4917
1 3058
1 6288
1 4423
3 6643 6536 6345
3 3264 6463 7432
1 5801
3 156 3804 6998
1 4568
1 752
3 7538 5046 4595
1 7905
1 3050
3 6139 1320 6889
3 4971 781 7280
3 582 1947 1739
3 2171 1097 3097
3 5103 2098 5975
3 6884 4078 5848
1 1496
3 467 2590 3678
3 7977 2082 1623
3 6352 5766 716
3 3338 3823 2218
3 3529 1430 7223
3 4649 3051 6786
3 4341 7000 6577
1 3023
3 7111 7122 3814
3 1032 3281 4030
1 3566
1 3383
3 6942 6813 3474
1 8023
3 1947 692 6833
3 1095 4143 4531
3 6258 2995 4066
1 4836
1 4668
3 5808 2860 5076
1 3527
3 2037 1787 5246
1 645
3 2068 7185 6028
1 5638
1 4281
3 5720 3135 5459
1 4770
3 6551 803 4330
1 7565
3 3980 2472 2959
3 1235 7963 8013
1 4140
1 3325
3 2413 3158 2252
1 1288
1 1166
3 4174 6994 3247
1 1395
3 5706 518 3207
1 2651
3 7021 7459 388
1 8010
1 6048
1 3782
1 7131
1 1373
1 4022
3 2156 741 3670
1 4790
3 4956 2610 2631
3 2642 6815 6903
3 6412 2985 4527
1 1370
3 5409 7693 947
3 1692 2505 2385
3 3367 780 5474
3 2429 1872 5329
1 3099
3 3750 1286 7377
3 1081 1497 957
3 3432 3920 4159
3 2023 5853 6699
3 4344 1251 2300
3 2783 6355 3914
3 982 5676 2203
3 2246 2159 5091
3 7951 3522 4180
1 6710
3 661 5751 5131
3 5319 3149 6495
1 4319
3 958 3667 6548
1 938
1 1239
1 3364
1 2510
3 695 1971 1462
3 3543 6311 3828
1 2566
1 7028
1 1132
3 1255 3134 3983
3 595 1150 6983
1 4491
3 3887 2668 7865
3 272 4875 5933
3 1458 3120 7946
3 7718 7384 6440
3 297 1401 3337
1 3856
3 5819 1958 930
1 6974
3 465 5609 3808
1 4219
1 4634
1 4597
1 5212
1 7418
1 3009
3 8022 4917 5886
3 912 55 7554
3 6521 2851 7166
3 6928 4973 5071
3 4273 850 257
1 2092
3 1206 5080 1439
3 6878 2639 8061
3 5628 4854 2584
3 6897 618 2022
3 1670 4894 2543
1 1097
1 1718
3 1787 3182 4700
1 6680
1 8083
3 3828 1559 7787
3 5335 4407 2672
3 3287 1536 317
1 4249
3 5240 2406 7588
1 6638
1 4948
3 2607 422 5348
1 1647
3 3820 1334 5626
1 298
1 7782
3 1682 6094 6001
1 254
3 3374 6932 4620
1 7610
3 3835 5929 4147
1 7425
1 178
1 6599
1 957
3 2569 6971 2050
3 4644 297 1162
3 4310 724 4832
3 6534 5817 1561
1 1399
3 6834 3706 6336
1 896
1 489
3 2992 2972 139
3 460 5789 5752
3 5174 2603 6150
1 2192
3 7773 6401 4325
1 5760
3 2945 7082 3119
1 1536
1 880
1 4900
3 7167 1458 2102
3 3174 569 7081
1 540
3 1739 3994 7077
1 6266
3 3980 3663 1461
3 4050 155 7497
3 4833 3298 4168
3 3129 7332 3544
1 583
3 2798 776 6459
1 6542
1 5914
3 5145 523 7793
3 5184 3807 7217
1 5330
1 3063
1 4696
3 1071 2493 5081
3 4001 5114 3511
3 7916 5806 7502
1 1280
3 6352 7716 1562
3 5069 7085 8086
3 8038 3967 4572
3 3371 4124 2509
1 2650
3 2516 1834 2594
3 954 5983 5630
3 434 1586 8150
1 4271
3 7049 742 4257
3 3138 4958 7366
1 4124
3 643 6458 6175
3 7047 5155 923
1 7042
3 7832 6691 7966
1 1972
1 7069
1 8174
3 5128 1529 5117
1 7983
3 1781 8170 6254
3 8186 3864 4470
1 6473
3 6563 247 977
1 3446
3 5815 3289 4966
1 804
3 3644 708 4556
1 3272
3 6800 6092 5316
1 2064
1 3364
3 837 1853 7319
3 6501 7229 4839
3 4133 3770 1517
3 247 6013 7676
3 4690 4226 3171
3 7633 3424 5044
1 5958
1 7660
1 3600
3 1411 315 5656
3 1307 6899 626
3 1852 5554 6076
1 1435
3 6300 8040 543
3 1705 6783 677
3 1058 5050 7211
1 1551
1 7875
1 6225
3 7766 3970 6788
1 8015
1 6899
3 2746 2878 4535
1 6567
3 4758 6287 436
3 853 712 6574
3 7334 4516 7927
1 2564
1 6704
3 2454 7157 2031
3 5016 6936 3974
1 5212
3 6153 5105 570
3 2852 5072 3477
3 7858 6752 4714
1 8174
1 7394
1 5938
3 5111 2767 2232
1 81
3 5112 2064 7500
3 5118 7344 6376
3 3701 4769 4885
3 5409 6122 2371
1 180
3 4796 6236 3370
1 8120
1 5686
1 7992
3 5437 2644 114
1 5750
3 6464 3178 2567
3 2030 7725 7709
1 1233
1 5725
3 1003 7553 4578
3 7130 8012 8058
1 2115
3 5980 2506 746
1 1570
1 2725
1 4085
1 7620
1 3757
1 2643
3 6993 1955 7482
3 7460 7840 7046
3 5090 1023 6741
1 7889
3 166 5271 1961
3 4688 2213 7345
3 4962 145 6156
1 1687
3 2037 2583 7419
3 5771 6386 4868
3 5753 3086 2708
1 33
3 2924 3362 1400
1 1224
1 361
1 1056
3 539 4616 2405
3 7643 421 7940
1 6383
1 6914
1 2031
1 4727
3 3958 867 3521
3 7242 1857 6220
1 5356
3 3420 1336 3422
3 2832 1991 2381
1 5788
3 4252 2444 7316
1 4918
1 6804
1 1224
3 733 3195 3839
1 2678
1 2176
3 4177 7637 1568
1 3036
1 2381
3 2217 1241 581
3 5147 3862 3312
1 4000
3 6384 4424 6052
1 6171
1 7970
1 7382
1 7116
1 7295
1 5438
3 807 3124 4000
3 5103 363 4213
3 5589 4090 226
3 7060 880 4037
1 3271
1 2856
1 45
1 4516
1 5800
3 6895 6854 2275
3 2227 5866 3150
3 6071 206 159
1 3075
1 4861
1 686
3 7102 5633 483
1 4745
1 743
3 4582 217 4950
1 7497
1 1138
1 5859
1 126
3 2557 5732 1521
3 7712 4744 7407
3 2666 4223 4160
3 8101 7872 6159
3 5288 330 2060
3 6313 2754 7189
1 3547
3 659 5527 5737
3 774 4823 1280
1 1493
1 593
3 1582 61 3620
3 5759 5922 4979
3 3766 3344 7824
3 3 7290 6423
3 1624 3111 1107
1 7870
1 3868
1 3547
1 444
3 27 4408 7771
1 5851
3 1914 7567 5854
1 3086
1 8139
1 5106
3 973 2080 1688
3 6756 7755 6319
3 134 4121 2712
3 1800 4790 4197
3 358 6716 2355
1 3193
1 5758
1 1138
1 4643
3 1465 2368 2347
3 2045 5383 6523
1 1861
3 947 695 857
3 5322 2317 616
3 2960 5635 7599
1 4457
1 5079
3 6885 6115 2348
3 4481 2341 1079
3 672 5536 3810
1 583
3 5439 1821 4427
1 2665
1 5451
3 3367 838 6353
1 6650
1 3904
3 7251 4638 4401
3 2832 4797 6638
3 7887 4497 3446
3 7843 2096 3215
1 5438
3 7347 5619 7212
3 6355 994 1232
3 823 5689 5479
1 7448
3 2798 668 3628
1 3700
3 6598 8065 5198
3 2623 134 550
3 5410 3573 309
3 6041 420 414
1 5060
3 417 2867 5204
1 1543
1 7444
1 7778
3 3041 2945 2684
3 7861 3067 5519
3 1167 4628 2651
1 8090
1 6145
1 7740
1 7194
3 1710 427 6616
1 1163
1 7101
1 3915
1 4368
3 2793 482 7825
3 6861 1050 1311
3 2068 323 657
3 5250 8158 4043
1 547
1 5855
1 1885
3 4962 4053 4986
1 3449
1 2009
1 7054
1 7666
3 3089 7127 4010
3 6830 8085 3069
3 551 6847 6063
1 5202
3 900 3426 5483
3 5204 7925 4818
1 1346
1 5002
1 1928
1 2706
1 7142
3 7171 8181 6403
3 8176 6766 5749
3 3691 7295 4439
1 2639
3 783 1598 6190
3 2417 1061 1222
3 2102 5182 7695
3 4956 3673 235
1 1522
1 833
1 1793
1 6279
1 7394
3 6838 4647 7444
3 2730 3930 3611
3 3018 4926 7954
1 4883
1 2522
1 2564
3 436 3863 6804
1 7638
3 7078 3095 4557
1 5093
1 485
1 1616
3 2399 3963 6745
1 4124
1 6385
3 5123 4471 1003
1 5072
1 3352
3 4937 233 5502
3 6950 1227 928
1 6737
3 4051 5691 6039
1 4125
1 7692
3 4442 7210 6602
1 4935
1 6979
1 1344
1 4786
1 5689
1 2455
3 532 993 3193
3 3884 5744 3274
3 3690 245 2679
1 3894
3 3149 1549 5110
3 3454 7137 7357
3 1529 2508 16
3 1879 747 3531
1 5024
1 18
1 6639
1 5444
3 79 2451 4355
1 749
1 7943
1 6377
1 1657
1 3331
3 7238 2425 6477
3 2458 6310 997
1 1657
1 3216
1 5659
3 1449 5068 136
3 5881 2450 5469
1 7811
3 1355 996 878
3 4688 4378 5385
1 443
3 2249 709 6989
3 7174 8133 360
3 5830 1369 3841
3 4540 3718 5764
1 2933
1 3112
1 5946
3 88 6364 7024
3 2684 3621 4265
3 5994 290 3731
1 7862
1 4427
3 1994 2202 6053
1 5053
1 6876
1 1766
1 127
1 3790
3 1814 3380 3526
1 1898
3 675 2686 647
3 5107 976 591
1 8096
1 6671
1 5837
1 5516
3 7358 7308 1486
3 170 3942 1128
3 5546 7478 6374
3 3687 7993 7805
3 316 7298 1652
1 605
1 5509
3 5540 4502 2310
3 5422 2880 3554
3 900 3355 1970
3 5717 7613 6274
1 3702
1 6282
1 804
3 3695 5547 3580
1 6932
3 2810 7167 389
3 2391 2589 1540
3 2230 2790 887
1 3674
3 1563 7490 4437
1 2555
1 2427
1 3856
1 4223
1 4300
1 4165
3 3816 2936 1641
1 3462
3 3551 4592 2673
1 6399
3 7936 452 1655
3 1541 575 3836
1 1309
1 7446
1 6042
3 3596 227 5320
1 4844
1 7166
1 1250
3 6040 6017 72
3 4541 4971 1277
3 5577 2814 1141
1 5435
3 4485 2996 4899
3 6601 1144 3347
3 7464 6623 3437
3 7644 834 2501
1 7815
3 6214 8189 3011
1 51
3 5028 3145 275
1 6275
3 7052 7233 445
3 4257 6279 4821
1 3642
3 7141 1211 196
1 3410
3 7066 655 5891
3 2950 4301 6314
1 7626
1 8179
3 4709 4866 4824
3 2213 1194 1785
3 8081 5446 614
1 302
1 8079
1 3535
3 2773 4368 4842
1 51
1 1746
1 6011
3 772 3170 4865
1 3254
3 2954 506 4209
1 2449
3 1188 5492 7741
3 6015 6451 3371
1 6103
1 1239
1 3931
3 6695 1043 5822
3 5419 4965 1404
3 6024 5085 1926
1 1802
3 2512 2914 2335
3 439 334 2416
1 4035
1 165
3 428 6300 791
1 4845
1 7549
3 1857 105 4228
3 3424 7828 3024
3 1017 6881 1619
1 928
1 3541
1 3955
3 1540 6420 2812
1 181
3 3266 3033 5001
1 2056
1 1431
1 4673
3 2291 4767 3261
3 837 4123 7535
1 8060
3 7900 622 8103
1 3199
1 7156
1 6992
3 3532 4629 5478
3 7663 4158 4329
3 6501 1625 5146
3 5773 5514 1818
3 5363 6729 5164
3 6512 6722 6747
1 6396
1 4653
3 3638 1506 202
1 7875
3 1717 6920 3712
1 996
1 7259
1 4083
3 6451 2799 3023
1 1789
3 5063 2899 1628
3 7977 5593 5402
3 2914 5696 5880
1 745
1 6089
1 1513
1 525
1 2851
3 1376 5159 31
1 6373
1 4494
3 2467 4657 3063
3 1448 1044 3774
1 8025
3 2508 5035 596
3 6357 3674 443
3 5666 1333 4031
3 7011 7848 1117
3 5499 4927 4829
1 2145
1 7978
3 6591 7740 6688
1 33
3 6803 1789 4231
1 2250
3 1778 5988 2130
1 8104
3 2954 5354 879
1 7277
3 5470 2512 1289
1 7974
3 3314 1826 179
3 8097 3375 73
1 6847
3 4391 2844 6026
3 6307 3520 5940
1 6498
3 8059 4132 3113
1 6372
3 2188 529 7022
3 156 3441 487
1 6483
1 7454
3 5443 6669 4092
3 4508 5659 5675
3 2066 8135 2881
3 3504 3343 6785
1 186
3 3142 7627 2150
3 1031 7163 479
1 1391
1 7755
1 1085
3 7948 2577 5369
1 6683
3 638 1633 7504
1 7619
1 4972
1 1278
3 5394 2652 4827
1 2208
3 1040 4411 7650
3 7995 7106 7734
3 219 5355 2895
1 5205
1 2323
1 7201
3 5156 7365 2220
3 7764 5268 4650
3 7944 6070 2407
1 877
1 1868
3 2111 6673 7183
3 1158 7491 5129
1 129
3 322 5841 6500
1 6646
1 5917
1 2456
1 7632
3 6693 6173 4480
3 5684 3405 2301
1 5096
3 5286 2079 5735
1 896
1 6108
1 4715
1 2637
3 2846 3716 3164
3 3682 7108 2714
3 4709 7800 7868
1 1324
3 6220 7556 6103
1 1094
1 1127
3 7996 3234 7333
3 1828 8179 2257
3 2521 1362 6707
1 6068
1 8013
1 3003
3 2945 1662 4098
1 4089
1 8021
1 1844
1 7104
1 1991
1 6423
1 538
1 7702
3 1602 5457 619
3 3037 5439 5829
3 1946 7890 3211
3 5382 1807 1192
3 4333 2519 7970
3 1142 6487 6441
1 2091
3 2320 6316 5636
1 7755
1 5656
1 5689
3 1606 7381 6032
3 6945 473 1225
3 6030 4174 2641
1 7351
1 6243
1 962
1 5801
1 7748
3 3550 3284 1064
1 5756
3 2721 7680 7975
1 4480
3 3434 824 3140
3 1646 2986 3532
1 100
1 5856
3 7861 2692 5194
3 7153 1924 4706
1 3673
1 6404
3 2623 7238 1678
1 702
1 5997
1 129
1 7068
3 7842 3959 4412
3 1521 5654 6979
3 2357 5595 6757
1 2373
1 6795
1 5566
3 6311 3225 1437
3 1557 7823 2696
3 7153 4991 635
3 7938 888 391
1 4530
1 6725
3 6307 221 6147
3 1674 5802 7920
3 4544 2626 5004
3 3564 6541 1453
3 4800 974 5569
3 7633 4695 4449
3 3602 4374 6719
1 5294
3 6709 1692 492
3 6185 3941 63
1 2309
3 7592 7315 6317
1 7520
3 6721 5646 8016
3 3096 640 5267
3 7858 4238 559
3 967 4256 1375
1 606
3 2740 3724 4789
3 4428 7699 1957
3 2287 3529 68
3 5412 1473 446
1 5441
1 3985
1 7918
1 4414
3 7264 7689 7622
3 4106 7863 5381
1 5330
1 1267
1 6525
1 4131
3 3437 6275 4761
1 3568
1 811
3 3792 7639 527
1 4680
3 4708 59 7120
3 5981 5812 4684
3 1329 6583 4250
3 1956 5360 782
1 1463
1 7257
1 4748
3 775 1271 7040
1 3598
3 6163 4778 4646
1 8173
3 1407 356 2902
3 3194 24 7309
1 736
1 4293
1 5381
3 6472 7018 2648
3 3171 6242 4791
1 792
3 4598 5387 5895
1 2145
1 7007
1 515
1 2552
1 6549
3 1833 2383 5256
3 336 6590 6658
3 7059 1201 5608
3 5930 1142 5796
1 6063
1 1210
3 1436 1935 1932
1 2995
1 1740
1 7661
3 3241 3094 6215
3 2410 1582 4910
1 2424
1 5762
3 7447 6062 1776
1 6779
1 3237
1 3601
3 2686 5005 440
3 6470 8190 6579
3 4549 7414 20
1 2301
1 6428
1 1858
3 3014 89 7492
3 5857 675 1037
1 1835
1 817
3 5284 5418 6060
3 3174 2195 3403
1 2000
3 501 686 995
1 7724
1 7250
1 7322
1 4076
3 411 2903 495
1 7537
1 1653
1 4747
1 1667
3 586 7083 4697
1 3674
1 5014
1 3304
1 5879
1 6036
1 2594
3 1433 32 6083
3 7167 3503 6090
3 2605 393 5792
3 6027 6232 7717
3 1756 7293 4935
3 991 1630 1084
1 1931
3 2439 5411 1936
1 3855
1 7588
3 1358 126 3411
3 3648 1087 4771
3 407 3752 3184
1 3258
1 8151
3 4772 2051 1274
1 348
3 4613 2801 4272
1 1082
3 6466 7744 7135
3 6255 1784 6151
1 2126
3 1207 7311 7708
3 3711 924 7428
3 7756 919 6342
3 4157 1138 4751
3 6976 4155 5990
3 1913 7 6019
3 3296 918 5678
1 7661
3 1327 5356 8094
3 5714 7253 5022
1 1403
3 7240 5957 1758
3 530 999 1527
1 6707
3 4652 7564 7118
3 4428 3775 5982
1 848
3 4682 2438 2569
1 8131
3 662 2395 3213
1 8043
1 6723
1 4715
3 1761 4419 4318
3 6610 6646 6266
1 136
3 588 641 7292
1 2309
3 5423 7169 4299
1 7683
1 6378
1 3612
1 4300
3 6843 6357 1669
1 4805
1 794
3 641 2398 5134
3 5054 922 5540
1 5630
3 1950 4457 7551
3 6415 8117 3239
1 8036
1 5603
1 1399
3 5771 6882 2800
3 2278 3482 1757
1 6745
1 3124
1 5126
1 1647
1 669
1 8095
3 5775 5919 572
1 540
1 1467
3 5768 7066 2179
3 5776 6415 4154
3 5220 7753 3507
1 2996
1 7730
3 3042 3450 1899
1 6798
1 7999
1 2091
3 7339 3797 1306
1 6804
3 7127 2356 2090
1 1285
1 6154
1 8072
3 4311 5062 3394
3 4013 3084 3377
1 232
3 32 6252 1339
1 159
3 2516 7475 5274
1 7999
3 2394 7726 4586
3 5540 2772 1383
1 7183
1 989
3 56 534 280
3 3015 7403 3303
3 3038 7640 4974
3 5063 6020 430
1 6978
1 616
3 5463 7624 4465
1 3565
1 8102
3 707 691 6958
3 5844 8027 5837
1 4197
1 7360
1 302
1 3032
1 6377
3 6840 5325 4995
1 1746
1 2822
3 403 3982 2299
1 1873
3 6922 5026 2562
1 3514
3 1235 4069 3259
1 7083
1 1764
1 5075
1 4514
3 7685 5645 7209
3 523 5428 3912
1 2938
1 3043
3 387 7601 3074
1 7702
1 4338
3 4724 7572 6892
3 3018 6332 7591
3 601 8162 3965
3 3602 220 5778
1 1513
3 2095 298 1435
3 1711 2897 7088
1 5843
1 4409
3 8071 8073 6302
1 3051
1 2980
1 6571
1 6367
3 5465 832 4024
3 3550 4782 7149
3 7447 2377 3633
1 4948
3 3952 7633 610
3 1358 7666 6298
3 5651 4721 6460
1 4465
3 4193 7923 7937
1 4222
1 4368
1 38
3 2097 3536 6840
1 1429
1 6528
3 1147 2744 804
1 4738
1 5610
3 4955 4139 5948
3 3198 5611 6933
3 4872 4816 133
1 7157
3 6922 7670 1580
3 2924 5073 354
3 1582 7121 4925
3 7742 5782 628
1 3091
3 8135 1410 1235
3 5748 5916 2709
3 2740 3711 5598
3 419 2964 7674
3 1875 2976 6991
3 6604 1939 6904
1 2024
3 5864 7584 5490
3 2077 2940 3894
3 7952 2152 2771
1 917
3 8097 5756 4201
3 3027 2068 1489
1 3651
1 4525
1 3095
3 4142 6695 3550
3 2909 6411 3880
3 8117 2110 7902
3 6141 5627 3031
3 1147 6636 7070
1 2260
3 7114 4994 2331
1 208
1 6319
3 5972 4901 7881
1 3656
3 6228 5840 8128
3 6240 4998 1378
1 781
1 6575
3 5919 3109 1737
3 2211 3279 3939
1 3986
1 5100
3 5214 2233 1591
3 4061 4048 2108
1 69
1 5956
3 4385 1542 4787
1 7157
3 788 5819 7608
3 5485 2600 7550
3 6998 351 5309
3 3129 2785 225
1 4671
1 4896
1 7301
1 5223
3 2884 5003 4573
3 2278 3190 6479
1 5116
3 4691 4142 4294
3 2137 4581 7986
3 5165 6296 7930
3 7986 365 1636
3 1990 1982 3834
1 569
1 4537
1 702
3 5488 5227 4870
3 5110 8099 7510
1 4217
3 6431 6811 7508
1 1073
3 4949 7006 5160
1 5190
1 7335
1 7069
3 58 3489 271
1 4206
3 812 3308 4508
3 2439 7313 1796
3 3033 514 2601
1 4188
1 3595
3 7869 4421 6064
3 1051 3008 7912
3 3004 4064 7440
3 5810 8029 7603
1 4894
1 8079
3 5910 1895 5261
3 512 7240 1581
3 4943 7950 6098
1 7551
3 2698 1170 7597
3 6486 3632 2295
1 8124
1 6780
3 234 3802 3212
3 5699 364 6756
1 6310
3 1184 484 1954
1 2306
3 747 3736 1247
1 6526
3 6117 6367 4977
1 347
3 7901 8036 1475
1 8153
3 1438 4274 914
3 353 7147 6645
1 3665
3 12 2693 3352
1 4726
3 5552 2742 8106
1 673
1 1166
3 2463 3369 2502
3 8045 4111 3396
1 2427
3 4555 3129 2798
3 6514 6703 7879
1 4603
3 7419 1053 3832
1 1362
3 7616 2410 8018
3 1654 1184 1411
1 1622
1 1429
3 1659 1716 7261
3 4489 2998 1172
1 3595
1 211
1 998
3 5340 4116 1445
3 2956 4750 3771
3 6278 4447 710
3 314 243 3016
3 4508 6 3906
1 6212
1 7075
3 5254 1649 7853
1 5646
3 3280 8118 3481
1 576
3 6411 752 3630
3 2197 2730 5374
1 4110
1 7325
1 2325
1 3681
1 130
1 7979
1 5516
1 5945
1 3066
1 669
1 1587
1 5017
3 2915 4781 6068
3 7089 3443 2497
3 242 282 2982
1 147
3 2386 1417 7776
3 1557 7136 7086
1 187
3 1765 1697 7346
1 1204
1 6215
3 7667 2280 7505
1 2345
3 7345 5087 281
1 1776
1 2084
1 2223
1 1061
3 5652 4594 7090
3 5488 6601 5906
1 1035
3 7493 2893 6685
1 7810
1 5648
1 4028
199
3233
5300
8110
7510
1935
6204
1384
4534
2733
1192
4387
6293
4224
1109
2544
1630
7107
8152
4880
4008
1454
1462
3481
1750
805
1627
3440
3220
5965
1663
240
7922
7881
3688
6873
245
2587
3313
2052
4054
4366
28
3251
6350
3381
6550
2835
1507
3796
4229
5089
6344
657
1804
1087
722
542
516
7483
4604
6703
7278
6270
613
1123
6285
6244
44
7534
132
7623
1316
319
7254
7722
4816
7716
4767
564
6368
4370
4236
311
6259
7450
5963
2579
1785
203
4685
5120
1555
1749
3808
7697
705
6589
7479
5426
0 0
