4096 100
1 3202
1 548
1 609
3 2590 1671 4019
1 2224
3 3154 2601 2370
3 2187 1112 3285
3 1450 2782 2047
3 586 2242 3789
3 1220 3629 784
3 3870 2912 3043
1 1098
3 996 1400 3162
3 568 2532 1393
3 3611 3719 419
1 3873
1 2784
3 2714 1933 1415
3 1687 1421 497
1 962
1 2353
3 1763 1803 1978
3 1187 685 4090
1 3932
1 2537
1 1842
1 2490
3 1524 1290 1945
1 2169
1 3608
1 1174
3 1116 326 2667
1 2398
3 2375 3985 1027
1 1155
1 3117
3 3702 3548 160
3 2680 1136 2733
1 1751
3 1706 246 1765
3 338 3673 2230
3 349 3174 1932
1 3730
3 2310 974 2103
1 1911
3 306 173 2106
3 477 1862 1429
1 2753
1 2631
3 2929 668 593
3 1764 3351 4046
1 837
3 3005 139 4064
1 589
3 2493 312 2844
3 1852 2262 2527
3 3791 3173 4059
1 3734
1 3863
1 885
1 3221
1 296
1 3980
3 474 3213 2703
3 3536 341 866
1 1669
1 397
1 1947
1 3481
1 1992
1 2647
1 885
3 370 3563 3226
3 209 79 2851
3 2433 187 3130
3 1014 4025 3080
3 1388 734 677
3 3911 2361 2507
1 74
3 2849 1164 2751
1 673
3 3448 3892 3442
1 809
3 1036 3844 3181
3 586 1180 3152
1 3816
1 2041
1 2810
3 1042 704 2405
3 1850 1141 2664
1 3644
3 3744 162 1696
3 1406 1864 3737
3 1232 3645 785
1 323
1 1511
1 127
1 533
1 215
1 1163
3 1556 3303 2013
1 4017
3 980 2837 2504
3 3357 2505 3636
3 719 3415 3981
1 1317
3 1096 423 2502
3 2317 1895 3498
3 4081 359 1854
1 248
1 2631
3 1773 1939 3380
3 1625 321 3773
1 1318
3 3995 3124 3132
3 3945 2602 629
1 2552
1 1751
3 1022 1150 1985
3 1489 2392 3046
1 3632
3 554 1589 1332
1 1668
3 1152 853 2077
1 1682
1 2748
3 1968 2806 97
1 2122
3 1829 873 3007
3 1217 572 2249
3 367 1487 786
1 2129
1 3452
3 3327 3643 1206
3 1750 4031 1312
3 522 2880 3264
3 2507 367 1014
3 353 1010 2157
3 53 152 515
1 1484
3 2149 1267 3211
1 610
3 2818 2348 2590
1 2079
1 2802
3 746 3232 674
1 4051
1 3762
1 336
1 3734
3 3763 1414 1097
3 139 857 2084
1 1875
3 1679 1947 1711
3 2300 656 1356
3 2374 3884 1441
1 1432
3 945 1249 2128
1 2183
1 37
3 341 2860 1883
1 92
3 3726 1577 1575
1 1669
1 3622
1 1319
3 390 1122 3197
3 1721 2387 1324
1 3632
1 2172
3 2290 3370 3432
3 1175 2513 1059
1 46
1 3136
3 282 3653 2113
3 1825 1193 955
1 2847
3 703 764 1687
1 3478
3 2152 591 3358
1 2760
3 3944 996 1240
3 3362 272 3544
1 2128
3 3076 2035 1166
1 1959
3 75 2354 522
1 219
3 2799 2927 1674
3 810 1762 1634
3 832 3546 885
3 1178 1555 2215
1 232
1 850
3 1210 2951 226
3 2582 1435 336
3 1677 1996 1196
1 1070
3 944 1462 546
3 1785 1294 2795
1 2883
1 1114
1 2425
1 3622
3 2885 3391 1850
3 3183 3593 3730
3 2163 1117 3444
3 3993 3036 315
3 3513 1597 74
3 886 1811 4050
3 3987 1093 3210
3 577 2755 3606
1 3624
1 2672
3 3044 99 1380
3 2817 727 2920
1 2011
1 4000
3 1927 188 3682
1 2853
1 3493
3 1145 3766 3631
1 1053
1 1526
1 3210
3 195 3191 1705
1 2098
3 1157 3530 778
3 2723 979 2329
1 3371
3 655 2193 3469
3 1347 1919 193
1 2387
3 1257 1106 3514
3 3338 455 1955
1 2259
3 2023 1118 736
1 3400
1 2670
3 3262 411 3453
1 2948
3 1615 580 1777
3 1922 2078 3603
3 1971 1154 2376
3 1071 3208 600
3 40 611 253
1 2660
3 1581 1075 110
1 3664
3 2178 673 3743
3 3669 941 669
1 452
1 246
3 3824 3214 3126
3 344 1735 2721
3 1459 2345 3011
3 1502 1076 976
3 950 3147 3751
1 1841
1 827
3 2899 1467 1791
3 1210 3419 1363
3 3554 4067 575
1 2891
3 2601 1825 2774
1 2500
3 1057 2953 838
3 620 1832 1936
1 3389
3 2531 1865 1630
1 2725
3 183 940 2689
3 3499 2652 1300
1 2896
3 2059 3718 1505
1 418
3 788 3489 2309
3 1586 2855 1411
3 1968 2270 536
1 3671
1 489
3 3329 175 3851
3 1556 2433 2173
3 1162 2790 2511
1 3772
3 1709 1309 2761
3 2451 1585 589
1 2054
3 532 1139 2690
1 2549
1 932
1 1144
1 544
3 3929 2776 2068
1 2423
3 1890 62 2397
1 2432
1 545
1 1961
1 770
3 3488 3294 3070
1 1638
3 995 1125 789
3 1720 2004 3860
3 372 3648 3403
3 1062 3400 46
1 1837
1 2947
3 1287 801 2944
1 1765
3 3786 1214 3363
3 55 2848 2467
3 674 1980 2881
1 3685
3 208 1805 1183
1 4050
3 1206 384 1274
1 334
3 2037 3097 2842
3 1297 3941 2797
1 113
3 1470 2717 2456
3 2134 3460 95
3 746 530 3572
3 1517 3410 514
1 32
1 879
1 822
3 1266 2814 3922
1 715
3 1865 1102 3272
1 2253
3 2846 1271 3098
3 1207 318 1689
1 2229
3 196 1092 149
1 3839
3 2934 408 41
3 3079 1886 1114
1 434
3 65 161 394
3 4078 3582 499
1 3128
3 1782 255 3978
3 2719 2566 3663
3 4092 3488 1712
3 3987 2995 2459
3 2462 1931 1624
3 1745 1890 42
3 2839 564 3520
1 2521
3 1867 2352 2284
3 2654 138 2501
3 3586 3073 1622
1 1912
1 2402
1 1013
1 362
3 109 512 2724
1 3426
1 782
3 3358 358 1594
1 1676
1 2457
1 3407
1 479
3 137 131 2552
3 2578 909 1100
3 2354 2967 2603
3 509 73 1438
1 4093
3 2121 3802 305
1 1230
1 1760
3 2142 1879 2856
3 568 1408 2798
1 3802
1 2209
1 2519
3 2279 2990 1208
1 3000
1 1317
1 2518
1 317
3 3983 1756 3229
1 3691
1 3491
3 3031 716 1801
3 2154 3138 819
3 1315 167 893
3 2220 1046 647
3 4046 2267 684
1 3471
3 341 1843 3881
3 1903 643 3767
3 404 2390 1725
3 1986 67 2248
1 2146
1 798
1 3931
3 3430 510 868
1 2458
1 3495
3 3687 396 2263
3 2322 3660 3394
3 585 2483 1109
1 2301
3 338 1129 932
3 1817 2124 792
1 1710
1 240
3 556 2499 3769
1 2689
3 2201 4072 1202
1 1935
1 789
3 3111 1527 2062
3 2406 2474 276
1 15
1 1701
3 2581 2884 2014
3 915 2475 2919
1 107
3 1525 969 2697
3 3379 4075 2308
3 1497 3035 2688
3 2929 3024 1211
3 2374 1578 550
3 1037 2918 3748
1 1831
1 2925
3 3626 4065 2108
3 2250 3499 1388
3 2294 2245 340
3 2060 1613 3998
3 2322 482 2092
1 507
3 1356 2398 1718
3 2443 2831 3557
1 3520
1 3775
1 3969
3 881 657 2687
1 1872
1 2476
1 3420
1 3381
3 3118 3199 469
1 2016
1 2434
1 4008
3 1387 1844 252
1 1904
3 656 3960 1448
3 235 2654 2556
1 1455
1 825
1 1912
3 925 2613 1621
3 1471 3599 1333
1 2383
3 3587 2478 3129
1 3487
3 3698 3195 964
1 1252
3 841 1857 1983
3 3183 3875 3828
1 3722
1 448
1 1123
3 3626 2528 2695
1 1328
3 504 2779 3949
3 3232 64 1692
3 1680 2843 3517
1 500
3 3800 2896 47
3 848 2909 2419
3 916 366 1907
1 1597
1 867
1 436
1 3426
1 3928
1 1047
1 3593
1 2936
3 2039 4052 1410
3 2645 281 1299
1 1019
3 745 2565 3302
1 3292
1 2296
1 2101
1 1131
1 2887
3 19 981 2803
1 1173
3 342 3537 1948
3 2447 476 1941
1 3387
1 3896
1 2922
3 3942 473 3930
1 3921
1 2863
3 3554 437 1474
3 3763 4085 1916
3 2013 1376 370
3 401 2170 2447
3 1660 3849 3389
1 359
1 1485
3 325 874 525
3 139 1243 2178
1 1559
3 2746 945 783
3 3658 1534 3878
1 2838
3 2386 3248 744
3 1646 1684 3775
3 187 136 562
1 1435
3 1486 1426 988
1 514
3 1030 2176 3667
1 3036
1 3703
1 3564
3 324 1191 1334
1 2399
3 1817 1913 289
3 2217 602 98
1 947
3 745 2070 2337
1 279
3 3413 2826 584
3 939 1824 795
3 2493 3483 1358
1 1624
3 1456 718 545
1 932
3 3614 3507 3450
3 3739 1533 293
3 541 298 3600
3 199 3760 1465
3 2597 1912 2192
3 1082 2961 2
3 3026 3204 1810
1 428
1 3943
1 2737
1 3510
3 3778 2169 122
3 1001 3634 2189
3 1779 2931 412
1 2743
3 711 2400 1830
1 3089
3 1480 3984 1285
1 2827
3 522 1640 2465
3 2160 3541 1427
3 350 2616 2179
3 3308 2624 3670
3 2742 3605 2489
3 2494 1375 714
3 1068 376 14
1 2253
3 868 3387 3439
1 588
1 130
3 2980 934 3591
3 695 2327 1194
1 263
1 1482
3 2386 2241 212
3 1573 2255 2427
1 1495
1 242
3 2762 1769 1759
3 707 2536 1124
3 869 1291 774
1 537
3 716 406 2368
3 2039 85 9
1 1717
3 1768 571 1558
3 287 54 1799
3 2485 2003 2061
3 180 1273 3371
1 1093
1 50
3 1206 1826 1910
1 2259
1 1268
3 3642 2544 3320
3 3454 2374 2221
1 1609
3 245 2693 891
3 626 2338 2277
1 533
1 3761
1 1899
1 1880
3 2637 2258 1863
1 3910
3 1480 616 2589
3 1619 3 3059
3 2845 2635 142
1 246
1 2309
1 1121
1 1976
1 1886
1 608
3 2656 1319 2781
1 2490
1 2634
3 2761 870 268
1 1236
3 2336 2745 2650
1 2636
3 3168 1584 2959
1 2859
3 648 2301 601
3 2681 2131 2100
3 2116 1723 3683
1 116
1 1038
1 1698
1 3922
1 4071
3 3568 3905 2946
1 3033
1 2213
1 2414
1 2891
3 3151 768 3711
3 2770 3054 2997
1 2213
3 830 1715 939
3 395 1342 2328
3 2832 3411 3266
3 3044 2051 2373
1 2469
1 391
3 3854 2846 626
3 3215 2339 2672
3 1472 2752 2942
1 3707
1 1859
3 848 2009 2917
1 3270
3 1972 231 2645
3 155 454 925
3 443 1346 2147
3 2467 1915 2139
3 3111 2956 1729
1 1841
1 2690
3 2928 3763 2409
1 3309
3 3333 3477 2133
1 2226
1 1412
1 1348
1 50
1 251
3 3318 4020 2957
1 4053
3 2624 3466 3817
3 250 81 1330
3 146 313 1187
3 3755 1642 2418
3 3573 3809 2512
1 77
3 2916 3880 3014
3 3269 3848 904
1 756
1 1597
3 3967 3295 3321
3 1473 2060 1316
1 392
1 23
3 1227 2592 3430
1 3639
3 1756 1664 1138
1 3697
3 1502 968 1519
1 3637
1 3765
3 3976 3948 3116
1 1273
3 2182 574 1717
3 915 3386 3787
1 1798
1 2544
3 3338 2934 2885
1 3267
3 3698 4088 3188
1 3401
3 2848 3963 178
3 89 4069 1029
1 1718
1 1857
3 1376 582 1070
1 2172
3 2300 3970 814
1 3456
3 2720 558 3890
1 1702
1 2284
1 567
3 3524 991 330
3 388 3871 585
1 1448
3 541 1728 1896
3 3776 2180 105
1 2128
1 3918
1 725
3 1419 1140 2420
3 2453 2937 2679
3 1615 722 3806
3 740 802 2222
3 216 2380 3780
3 3521 3148 3300
1 1797
1 3666
3 3245 2816 2495
1 3057
3 3633 865 2800
1 77
3 3334 1656 3101
1 237
3 2160 1929 1897
3 3269 2840 1957
3 2706 861 1967
3 2203 2401 726
3 4031 2039 2604
3 3271 3034 1461
1 3940
3 520 2852 808
3 918 491 535
3 3937 324 146
1 3256
3 1958 2537 2564
1 3851
3 3348 2153 1877
3 3704 1500 2548
1 4052
1 1957
3 2485 3529 1943
3 2928 4012 1918
3 1301 680 1681
1 4086
3 3942 1463 2750
1 2030
3 963 1162 1679
1 2483
3 2139 1128 805
3 2674 2075 2291
3 178 1779 2360
1 1925
3 3575 1478 2102
1 1811
1 639
1 2868
3 1895 300 1224
3 4046 3812 2186
3 3127 1551 846
3 3351 1878 2036
1 583
3 2201 2109 2642
1 3410
3 3747 2786 1074
1 228
1 1771
3 3995 3807 2188
3 1567 3678 970
3 1582 1989 361
3 517 1602 3559
1 10
1 94
1 131
1 3433
3 2108 277 1680
3 303 3435 416
3 1764 1406 3334
1 3841
3 409 1835 3008
3 3609 1813 2232
3 1220 3397 3657
1 538
1 1716
1 1185
3 2907 399 2996
1 3419
1 3819
3 309 1032 3028
1 726
3 2605 3273 1095
3 1165 3178 3759
3 762 2463 4036
1 1168
3 3483 2389 2154
1 744
3 956 83 1018
3 3455 190 3853
3 2116 1320 3617
3 944 3002 1859
1 2080
3 709 3114 3708
3 2328 1682 4042
1 3007
1 3481
1 4042
3 389 1522 2656
1 2296
1 1759
3 4029 1020 328
1 2235
3 2944 1532 3388
3 3724 2197 457
1 883
3 1507 2705 260
3 1876 3274 2384
1 1854
3 2336 642 1308
1 3307
3 3362 2877 191
1 2861
1 3143
1 3367
1 3028
3 2304 52 3425
1 267
1 3399
3 2684 4080 2573
3 3662 466 2450
1 894
1 1549
3 1709 1958 4078
3 2403 2343 3795
1 772
1 3058
3 3375 653 478
1 1901
3 2040 3936 194
3 3298 2021 3418
1 3933
1 124
3 986 2554 2064
3 1308 3182 3564
3 2992 1784 3015
3 152 1453 3774
1 2479
1 2690
1 2506
1 739
1 1437
3 3602 960 3839
1 1977
1 733
3 65 2138 3980
3 1343 481 3635
3 401 570 2254
3 2745 3810 583
3 620 2735 1804
3 1312 1782 2386
1 895
3 129 1444 1176
1 514
1 2759
3 3099 1307 1035
3 2310 1158 1005
1 2810
3 2294 3018 327
1 1711
3 2758 3681 443
3 3757 1012 3814
3 899 2593 826
3 2916 3313 1706
3 191 60 72
3 955 210 3228
1 3922
1 1289
1 3982
1 1389
3 600 1268 1771
3 1278 1054 1477
3 390 1362 2006
3 2217 3176 842
3 1346 872 1893
1 3644
3 2066 2893 1369
3 4064 2610 1315
3 2738 1432 883
3 1525 3355 3996
1 1757
1 3371
3 3587 3117 3381
3 679 1135 3879
3 2154 3454 989
1 3121
3 3894 3505 2321
1 1289
3 368 2971 1557
1 3128
1 1093
3 3540 2594 2722
1 2223
3 1782 1482 3072
3 3012 696 422
3 1881 3765 479
1 2020
3 1085 745 2315
1 2765
1 997
3 1576 2445 1638
1 3675
3 2321 2685 1403
1 3810
3 656 2827 459
1 927
3 1971 926 3050
3 1342 2675 2225
1 2141
1 3563
3 2133 3850 3473
3 408 542 291
1 1448
3 573 2711 2643
1 2324
1 1403
1 2073
1 2765
3 642 2983 538
3 272 2464 1350
1 251
3 3102 3723 2783
3 1145 2663 1282
3 2356 199 812
3 517 2163 158
1 3674
3 3068 534 3316
1 1701
3 1342 1520 3943
3 995 2863 258
1 1155
1 2478
1 2951
1 1318
3 176 886 1660
3 3215 809 2101
3 1198 3825 3227
1 2107
1 3198
3 863 4044 2869
1 4005
3 2450 20 3299
3 3373 2295 760
1 464
3 2529 1778 1546
1 3158
1 2760
1 690
1 424
1 781
1 1298
1 1013
3 2467 1261 2625
1 44
3 3611 1547 3175
1 257
3 3857 3497 2016
1 2868
1 229
3 2377 2819 103
3 497 2025 3574
3 3326 3870 1874
3 3454 1419 1581
1 3158
1 1047
3 3572 1981 854
3 2654 3761 1707
1 524
3 905 2052 3542
3 2600 1089 3676
1 715
3 2196 3051 2423
3 2451 2042 1994
3 2480 1040 3207
3 2317 950 303
3 182 13 2082
3 3235 920 2482
1 3577
1 1769
1 2251
3 1418 555 3089
3 1902 1798 1655
1 3527
1 1993
1 877
1 3943
1 2020
3 3998 3547 1353
1 4052
1 138
1 3839
3 882 2845 3906
3 1240 357 972
3 137 3829 76
3 3004 1787 2053
1 2660
3 3157 2095 2760
1 809
3 2117 490 1884
1 822
3 1660 4001 3222
3 3039 119 2506
1 3867
1 3136
1 1818
3 2538 2207 2629
1 34
1 3784
1 704
3 3823 526 3420
1 3640
3 801 1390 3112
1 1511
1 1940
1 876
3 1443 84 2725
3 1128 3738 429
3 1631 3834 630
1 1580
1 994
3 3100 3032 3030
3 3422 89 2890
3 2583 2820 3581
1 1273
3 2293 3378 1716
1 391
3 2238 485 985
1 3863
1 2054
1 2324
1 1851
1 1757
3 3391 223 2424
1 892
1 3631
3 3767 3068 3494
3 3871 267 3896
1 2129
1 172
3 2774 1067 1073
1 4049
3 2528 3614 306
1 3624
1 1163
1 2141
3 3347 2137 2158
3 1060 3987 1456
3 2733 3271 568
3 3194 3482 3243
3 707 1946 198
3 3709 245 1694
3 1325 2581 3724
3 1060 2582 2444
3 777 3531 3093
1 248
1 257
1 2273
1 2728
3 2360 1889 3256
3 2597 1906 2340
3 1349 2744 4014
3 3998 1611 548
1 4001
1 3002
3 3988 1690 918
1 3546
1 2000
1 1144
1 990
1 3746
1 1484
1 336
3 211 592 911
1 1402
1 803
3 1846 2653 107
3 151 3698 3791
3 3868 12 1596
1 3419
3 368 2435 1603
1 1410
3 331 3815 2168
3 2379 1908 1703
3 3090 1529 1270
3 2799 2979 1614
1 234
1 2790
1 2096
3 406 1708 3705
1 1504
1 3851
1 7
1 3528
3 339 202 3139
1 4000
3 3970 1676 32
1 207
1 237
1 1960
3 1712 1276 2085
3 2991 2234 613
1 167
3 3115 470 4015
1 582
3 303 3123 2534
1 1488
1 1789
3 762 1037 3298
3 408 3287 3907
1 1847
3 3704 495 1685
1 2689
3 3310 3456 4028
1 3738
1 904
3 38 3345 3852
1 1976
1 688
3 289 2924 1374
1 723
1 90
1 1650
3 3157 1549 3965
3 3633 1088 292
3 2818 943 222
1 3272
1 3033
1 1514
1 2281
1 119
1 1789
3 2049 1627 124
3 1850 3251 3492
1 244
3 1343 951 35
3 2403 2618 3651
3 2817 228 1894
1 877
3 2442 1368 1476
1 1857
1 2840
3 760 284 2994
3 3016 100 1064
3 80 1384 3142
3 3092 3666 804
1 185
1 3556
3 2943 3180 806
1 2970
1 2634
1 3853
1 3495
3 3739 2713 498
3 1438 2455 31
3 1706 3528 172
1 873
1 3083
3 1630 192 2553
3 2368 1545 2764
1 85
1 3738
1 2107
1 315
1 3103
3 1383 797 4089
3 3228 1693 2699
3 674 23 3246
1 3982
3 1700 2928 3005
3 3511 3811 3567
3 530 3720 1236
1 2236
3 176 2243 1995
1 574
1 1403
1 197
1 2726
3 3286 1383 957
1 1611
3 2921 3658 1986
3 3004 2662 1246
1 414
1 3226
1 3248
1 2042
3 134 317 594
3 1513 334 1501
1 380
3 1888 2899 3835
3 2382 262 195
1 427
3 2592 2114 2864
1 2335
1 311
1 3903
1 2787
3 2142 2030 130
1 2865
3 1608 2660 3158
3 3890 794 10
1 3354
3 2275 1277 4043
1 3428
1 770
1 2511
1 3625
3 2844 3060 686
1 2828
1 2519
3 3368 1494 373
1 2571
3 2639 94 3577
1 2588
1 1638
1 1394
3 1191 2202 621
1 1909
3 2601 3275 3937
3 3752 2381 2742
3 182 2259 1013
1 2562
3 2276 2497 3958
3 515 2866 2406
1 2856
1 2801
1 1201
3 2400 1314 2135
3 1915 3687 1887
3 158 1699 3964
1 3463
1 2223
3 3518 465 2626
1 3113
1 3762
1 3743
1 2301
3 2608 2772 234
1 3010
1 2753
1 1605
3 973 3509 1452
1 3336
1 3628
1 1488
3 1355 1398 3655
3 1801 329 2485
1 141
3 891 2167 596
3 1512 3822 2871
1 1104
1 333
3 2442 2182 3455
3 591 1044 694
1 317
1 3320
1 1120
1 1222
3 2805 3845 892
1 1994
3 2173 3310 2313
3 2719 2032 2363
3 943 2627 3728
3 2370 2680 4057
3 4074 3065 2637
1 560
1 3021
3 3502 1881 309
1 2983
3 3702 908 888
3 28 3160 2416
1 583
1 4050
1 4016
1 200
1 3646
3 4087 2698 1845
3 2313 320 3782
3 3976 2155 971
1 489
1 273
3 2864 756 2190
1 1510
3 2715 3260 2319
1 3187
1 3055
1 3578
1 876
3 830 3755 855
3 286 3889 3586
1 3989
1 2983
3 135 4092 871
1 2530
1 1247
3 898 1387 390
3 683 1972 3983
3 3526 106 382
3 3568 114 954
3 617 166 2595
1 811
1 1993
3 1382 3979 3003
1 1402
3 168 2446 3620
3 2433 1072 2546
1 2484
1 3699
3 1489 1794 472
3 2734 2029 2162
1 673
1 3103
1 122
3 460 3837 1772
3 530 2861 2757
3 1776 3565 1583
1 3161
3 1958 1925 2519
1 2231
3 2633 2560 3384
1 2772
1 2383
3 643 928 949
3 3572 1155 867
1 1904
3 2758 2152 1607
3 657 3270 895
3 3096 3989 232
3 3994 1833 667
3 3375 1081 2930
1 940
3 1453 3429 3297
1 3931
3 1008 2570 2320
1 3307
3 1865 1730 1265
3 155 438 3609
1 3743
3 539 1750 1556
1 1580
1 3086
1 3196
1 893
3 262 1433 1543
1 1906
1 3439
3 3190 2410 4094
3 2661 3790 3377
3 1159 2252 1530
1 897
1 2922
1 1703
3 2583 3733 3613
1 1718
1 1139
1 567
3 509 1869 707
1 2183
1 2612
1 3270
1 215
3 1641 3447 3977
3 1916 1322 3927
3 1198 1185 1650
3 1164 2780 3700
1 2339
3 2585 2228 1649
3 1315 452 1538
3 433 2887 77
3 3235 890 3305
1 1032
3 3724 2191 3045
3 2152 2992 1497
1 14
3 2555 3836 1235
1 2366
1 1931
1 2950
1 1265
1 1495
1 13
1 2682
3 3994 1323 1094
3 923 936 1195
3 2243 3859 2765
1 2533
3 790 93 3784
3 2805 3340 2107
1 376
3 3477 2143 3534
3 488 3163 1101
1 278
3 3061 666 3312
1 4039
3 151 3413 1738
1 18
1 3221
1 3577
3 3138 3281 1001
3 983 723 1504
3 1486 1598 2926
3 19 2535 1977
1 2284
1 3639
1 3671
1 3320
1 524
1 563
3 3800 2847 1837
1 47
1 2251
1 3849
3 899 2611 157
1 1363
3 3643 3846 2205
3 196 523 2022
3 3144 1658 2640
3 2560 862 3278
3 370 1174 2938
1 2670
1 2830
1 156
1 2865
3 3983 2276 1036
1 873
3 2792 3151 3669
1 3389
1 3625
3 454 933 717
1 2612
3 2404 8 3662
1 1491
3 1261 1617 2878
3 857 3746 1351
1 3668
3 3114 3792 456
3 1067 1574 541
1 2948
1 3932
3 1641 256 3920
3 3313 2647 2518
1 742
3 199 3731 2939
3 758 3110 1665
1 1628
1 546
1 1514
1 261
1 3364
1 3788
3 1513 322 2224
3 3681 460 3190
3 2604 650 2729
3 2037 2882 683
1 507
1 1935
3 1159 2503 3573
1 892
1 766
3 3030 3451 2999
3 3279 608 560
1 3918
3 914 576 2716
3 3776 1951 3033
3 2436 1091 140
3 1647 2665 513
3 3232 1420 524
1 131
3 2522 1264 1126
3 3692 1328 120
1 1719
3 1647 3954 1451
1 2535
1 1908
1 1230
3 2600 1399 579
1 3469
3 1392 426 3597
1 2041
1 3474
1 751
3 1207 2718 2271
3 3506 690 257
1 4053
3 1419 1110 3680
1 275
3 3259 1849 3241
3 3505 1526 827
3 2684 4062 3641
1 1931
3 1758 1302 3153
3 2555 1033 96
3 2885 1269 2941
3 3716 1207 1470
3 3609 1466 1148
1 2192
1 2073
3 2695 3448 325
3 4031 3776 2657
1 690
3 949 3895 2272
3 2060 2177 2639
3 819 3061 2681
1 3212
3 2528 28 3108
3 2556 900 424
3 1507 224 3171
1 417
1 1655
1 1104
3 1368 1751 3654
1 2387
1 824
1 544
1 518
3 3716 3016 2443
1 3148
1 3638
3 1387 1990 2144
1 2950
1 1909
3 2204 2900 2638
3 3880 3103 3198
1 1363
1 2265
1 1179
3 965 3596 1774
1 975
1 2405
3 1143 2002 843
3 3516 2219 2324
1 772
1 3141
1 3084
1 2588
1 192
3 1358 283 101
1 909
1 588
3 2463 3352 516
1 2309
1 1920
3 3186 3847 2238
3 3993 4026 2500
1 3699
1 4028
1 2651
3 2687 781 3908
3 2943 3803 2018
1 3200
3 3293 3470 3047
1 3764
1 3378
3 2177 578 1993
3 1456 1698 3933
1 163
3 3217 921 2165
1 163
1 428
1 3410
3 3448 1039 1359
3 983 248 3697
3 3345 782 4005
1 1335
1 624
3 287 1796 3330
3 3293 3664 278
1 3816
1 3849
1 122
1 2430
1 2788
1 2923
3 4060 2412 3554
1 362
1 2479
1 1098
3 209 681 480
1 1420
3 3275 2250 2568
1 3204
1 4006
3 783 4017 3136
1 1100
3 2921 3357 2929
3 1852 1260 3325
1 3853
3 1345 3857 2462
3 3335 2734 1219
3 2877 2088 599
1 1702
3 1082 3973 1199
1 3721
3 435 2355 3526
1 1105
3 1779 242 725
1 2535
3 1452 1927 2719
1 2473
3 2049 609 3932
1 2226
1 459
1 354
3 4036 3571 3341
3 348 3029 540
3 2913 113 4073
1 3589
3 1152 1652 1962
3 2375 1464 2214
3 1738 3713 1722
3 270 2692 1178
3 3753 1038 3637
1 2031
1 3350
1 190
1 4079
1 3597
1 2920
3 921 1234 302
1 1983
1 562
3 3752 1381 1459
1 675
1 1703
1 3722
1 2562
3 3767 521 2358
3 2413 1485 1491
1 1951
1 1386
3 1383 2046 1142
1 1998
1 1627
1 2458
1 2767
3 1002 1788 1528
1 735
1 2930
1 1436
3 2211 3967 3739
3 955 1021 511
1 3592
1 3021
1 3248
1 688
1 1463
1 2814
1 2669
3 3165 123 3652
3 3750 164 66
3 3692 2523 2829
1 4
1 3749
3 2170 3205 2756
1 189
1 2414
3 1116 2906 363
3 2178 197 2054
1 2227
3 760 1763 154
3 788 475 2457
1 756
3 815 125 3885
1 4082
3 521 2391 3924
1 1131
3 2254 2268 2872
3 178 19 4095
3 4092 3004 3704
1 334
3 1085 3805 2832
1 3867
3 474 2668 2621
1 1186
3 1071 2049 2980
1 2425
1 92
3 1855 1873 3344
3 1574 631 4056
1 1249
3 3154 1189 2037
3 2149 948 420
3 3137 1610 712
3 1103 1643 1371
3 3311 1942 3742
1 226
3 884 1175 40
3 987 3833 2104
1 1109
3 2842 844 286
3 1986 3446 410
3 154 880 2287
3 346 3084 1120
1 1793
1 3819
3 642 1976 1974
3 1045 796 2516
3 695 2966 587
3 438 1373 705
3 2026 2314 1490
3 3279 304 2634
3 1888 168 2494
1 1629
1 628
1 2335
1 396
1 2931
1 2229
1 718
1 659
3 1355 3796 3134
3 1830 2487 2754
3 2115 3177 4011
1 3782
1 2010
1 255
1 2669
1 3520
3 1414 1629 2830
1 2564
3 2304 3048 3525
1 2454
3 2084 4039 1911
3 3042 3642 2913
3 2081 3290 2804
3 3303 349 3823
1 2987
1 1938
1 2530
1 2016
3 1358 135 3031
3 1530 39 118
1 3910
1 3804
1 2470
1 3002
3 385 2988 688
3 2538 901 1052
3 2084 1510 3212
3 581 2889 821
3 3898 374 2058
1 4049
1 190
3 1679 22 3590
3 3604 51 790
3 40 3088 310
1 2809
3 3483 3709 3626
3 3687 3867 588
3 581 999 3247
1 3336
3 891 2873 779
1 1333
3 2313 112 1992
1 1546
1 3243
3 1856 3367 1335
1 242
3 965 3727 3601
3 764 556 1615
1 3829
1 2292
3 871 914 344
3 2507 2220 2160
1 856
3 2958 200 1964
3 3665 3087 2115
1 1015
1 1655
3 2124 1127 1151
1 3246
1 261
3 2165 1966 3020
3 2661 2019 1713
1 1328
1 3608
1 1585
3 2278 3862 729
3 1002 697 3971
1 589
1 2788
3 388 1266 3135
1 4058
1 22
1 870
1 315
1 3093
3 1881 2185 2073
1 2552
3 3558 3513 3329
3 549 3793 3916
3 210 3288 767
1 2791
1 793
1 3340
3 2173 2867 2072
3 2657 2118 2486
3 2260 409 532
3 3787 1025 2429
3 4010 2907 3318
1 2591
1 2730
1 3582
1 3899
1 538
3 265 176 3894
1 594
1 2422
1 2883
3 2568 129 3078
3 558 2865 1731
3 2133 3468 430
1 268
1 1348
1 3010
3 792 3443 3512
1 2340
3 1428 2050 307
1 3064
1 4023
1 3193
3 3144 660 259
3 2935 2285 26
1 394
1 452
1 1296
3 2934 1096 3099
3 3229 2904 1130
3 2604 3441 3495
1 1506
3 205 90 1153
3 3494 1051 2421
3 4095 56 1605
3 2381 3091 2558
3 109 829 3672
3 2182 1697 4008
3 2361 3616 1776
3 466 1160 706
1 2931
3 812 652 3797
1 2794
1 2011
1 47
1 606
1 93
3 270 331 1355
1 3366
3 2695 2585 352
3 2849 3518 1926
3 1376 3399 3364
3 4029 3522 3396
1 3409
3 2786 444 2659
1 1697
3 982 3049 2588
3 2569 153 4054
3 2774 2678 828
3 750 2063 2915
1 773
3 375 3947 2606
3 3847 605 4027
3 1287 916 1807
1 2095
1 161
1 1019
3 3542 2682 3638
3 339 2288 615
3 1248 2715 3379
3 3430 1209 1721
3 1079 3027 2557
3 349 2274 296
1 3965
1 3049
1 895
3 1157 3225 2691
3 108 3578 770
1 718
1 737
3 2867 2098 3493
3 3906 604 2700
1 3300
3 2550 849 2892
3 4065 3144 1002
3 3392 395 2531
3 3477 1344 453
1 2457
3 1080 1364 2813
1 479
3 1103 3864 1493
3 3311 1237 1540
1 594
3 1742 45 3579
3 547 458 355
3 532 2422 4086
1 2541
3 658 1248 2818
3 508 2105 1382
1 3677
3 755 3854 3944
1 232
3 3231 1561 3545
1 3121
3 2052 243 2079
1 3082
1 2747
3 1337 765 2038
3 1868 3401 2425
3 1617 3865 219
1 4082
1 737
1 2089
3 348 1509 1396
3 42 3777 2330
1 18
1 2729
3 3219 1475 415
1 268
1 3646
3 2351 3131 1747
1 112
3 2194 3647 1034
1 500
1 1704
1 754
3 2919 3585 3840
3 28 3238 3382
1 1070
3 154 68 3149
1 499
1 3533
3 2480 4003 2888
3 1483 1648 4033
1 3980
1 3267
1 2185
3 235 3506 3706
1 2628
3 738 2741 753
3 844 1337 748
3 2692 186 4002
3 2348 1119 2408
3 3906 3701 299
1 1627
1 2486
3 1785 2119 3714
1 4023
1 1792
1 739
3 2782 127 279
1 3875
1 4086
3 2203 244 927
3 1316 3293 655
1 3359
3 1715 3485 3779
1 3366
3 1715 1137 614
3 1421 3813 864
1 22
3 2696 2958 2413
3 313 3445 4032
3 986 3661 2514
1 3677
3 466 3449 1639
1 2750
1 119
3 1200 397 1710
1 3695
3 2123 3143 3366
1 782
1 1538
1 3829
3 1773 3874 70
3 1573 1004 1321
3 993 1279 3263
3 1193 2033 3868
1 197
1 2871
3 3649 3869 1651
1 2492
3 3391 1087 3913
1 2794
1 1549
1 590
1 304
1 3200
1 893
1 3058
1 3764
1 653
3 4061 3075 1734
3 2194 217 1861
1 2874
3 101 509 3362
1 421
1 2486
3 977 1749 449
1 3801
1 1568
1 1793
3 2187 1007 917
1 851
1 1435
3 3135 3598 237
3 2333 2876 2812
1 981
3 2052 1719 3491
1 2537
1 3187
1 1329
3 1217 2195 759
3 3118 1632 2981
1 1281
3 1995 3721 2247
1 3563
1 185
1 773
3 1700 319 1473
1 1925
3 741 586 488
3 2384 2129 850
3 2450 1498 87
3 993 3615 1205
1 2518
1 2685
3 3649 3552 4038
1 1650
3 8 3165 3976
1 3049
3 1694 1619 1152
1 1837
1 645
3 989 1922 2026
1 1015
3 1677 288 1049
1 2401
1 2739
3 3282 2753 3940
1 1760
3 4081 4083 275
3 683 1521 435
1 590
1 417
1 1877
1 854
3 2569 2673 2388
3 3852 897 2766
3 2278 3957 2094
1 294
3 2846 2175 3258
1 535
1 3766
3 1815 3137 3440
3 1807 1516 937
3 2715 4022 2411
1 763
1 2544
1 124
1 243
3 1922 2323 144
3 2443 813 3503
3 3348 3762 1744
3 996 2982 2768
1 3908
3 152 1742 1758
1 1120
3 2734 3069 2171
1 2138
1 1609
3 2254 4070 1930
1 2923
3 2585 4018 3462
1 436
1 3129
1 2067
3 1017 2525 1882
3 3791 1108 2984
1 2422
3 1898 2875 227
1 3766
1 627
3 956 494 3337
1 766
1 44
1 1707
3 1916 3938 3717
1 46
3 1407 1182 958
3 432 788 3215
1 775
1 4041
1 2819
1 3256
1 175
3 1212 2149 2684
3 1786 1732 2346
3 2546 811 628
3 3783 1019 2353
3 1816 4084 2949
1 1964
1 3668
3 3408 372 4061
3 3304 3255 128
3 2792 1988 2448
3 409 1789 3999
1 2859
1 2766
1 2947
3 158 720 184
3 2040 132 1058
1 2737
1 627
3 3179 2140 2620
3 664 931 1831
3 4095 4041 323
1 1247
1 2225
1 1066
3 866 2087 3459
3 658 3716 762
1 2132
3 2645 929 1065
3 3333 375 1217
1 1409
1 1538
3 3854 3898 2278
3 3544 398 2976
3 657 3086 3407
1 3113
3 2114 141 1701
1 2346
1 3960
3 1345 180 1392
3 750 3081 2975
3 807 905 389
1 1298
1 3720
1 138
1 1066
1 4042
3 1783 563 737
1 2236
1 1329
3 945 207 3772
3 3042 3783 3092
3 1576 1792 3646
1 3891
1 1268
1 1102
3 554 29 3223
3 510 2784 1673
1 2086
3 3108 708 170
3 283 1280 1815
3 3506 2432 2825
1 2069
1 526
3 1521 1573 2522
3 515 250 1677
1 564
3 719 3904 3785
1 3420
3 1272 1855 695
3 3616 1377 159
1 2326
3 1807 2676 1954
1 771
3 2529 7 2020
1 780
1 555
3 1301 2709 3332
1 1391
3 547 1515 3902
3 231 3361 3385
3 3339 1940 2011
1 2030
3 3509 2480 992
1 825
1 3873
1 3654
3 2462 2759 2874
3 2958 775 414
1 1236
3 4010 1971 740
3 2745 1541 3487
1 1434
3 2370 2758 3338
1 1026
3 2991 3106 3053
3 2877 378 3230
1 2973
3 3988 1659 3282
1 3938
3 2624 641 636
1 1628
1 192
1 3532
3 3079 894 533
1 2274
3 1550 2901 3236
3 1783 2399 391
3 598 3734 2562
1 726
3 2503 1251 913
3 1470 2286 5
3 928 2630 2136
3 3824 665 1620
3 3898 1678 3539
1 1386
3 3386 335 1727
3 41 3244 3610
3 3078 3038 1338
1 793
1 2437
1 1121
3 3540 823 2510
3 4036 2161 1192
1 3129
3 1562 1047 2802
1 2874
1 3500
3 577 2879 3360
1 9
3 1193 2674 1404
1 2896
1 434
1 3703
3 2033 2815 2644
1 397
1 130
3 1599 3096 433
3 2355 1430 1000
3 1368 2541 3928
3 3440 569 332
3 868 1686 2089
1 578
1 3148
1 2951
1 606
3 1240 595 236
3 3031 1817 2332
1 2325
1 56
3 404 3888 3935
1 3707
3 3289 1544 3515
1 4001
1 392
1 1686
1 3673
1 279
1 1501
1 1520
3 3544 1077 2978
3 1890 3961 2218
3 3642 4006 1222
3 1443 3740 1242
1 601
3 2145 2067 1797
3 2738 380 2883
1 2426
3 2994 2299 1149
1 2757
1 2533
3 352 713 1422
1 1842
1 2224
1 1711
1 1886
1 3210
3 3096 2520 171
1 763
3 2941 1781 2835
3 2332 1045 3044
3 3857 434 879
3 963 3516 3692
3 2333 820 493
1 4016
1 3720
1 2281
3 3097 155 709
3 626 1256 407
1 3082
1 3589
3 3424 1740 837
1 3510
1 3831
1 3531
1 425
3 277 1560 612
3 3274 44 877
1 2725
1 3688
3 1280 1773 1297
1 1719
3 918 2479 2454
1 2405
3 3818 995 108
3 3818 3026 3348
1 1303
1 1353
3 907 923 3231
3 3345 405 436
1 2079
3 1550 935 1050
3 3078 3861 2261
3 3726 3621 2184
1 574
3 643 3575 815
1 229
1 1932
1 2995
3 2260 2293 3157
3 2639 2296 2024
1 3740
3 3868 1724 1213
3 2882 622 830
1 535
1 601
3 649 1385 2993
3 1080 1836 3926
1 2853
1 3828
1 845
3 4012 3424 3778
1 256
3 2115 2150 3549
1 3489
3 143 3193 1960
1 3493
3 3708 2438 2587
3 3301 4053 1938
3 352 3872 2491
3 2117 3261 21
3 187 3990 369
3 1613 3433 2251
3 2592 3602 944
1 3107
3 1646 4071 2922
1 3590
3 764 1079 3540
3 78 1856 2805
1 3730
1 1281
1 3775
1 3594
3 3781 1395 3423
1 3859
3 585 1179 3196
1 3989
3 6 1283 2206
1 3564
1 3084
1 645
3 598 428 156
3 2656 1628 34
1 244
3 3662 980 2477
1 3051
3 4065 1103 2898
1 727
3 1239 1853 3671
3 3656 1210 4081
3 3708 461 1341
3 828 2040 2862
1 3951
3 871 520 577
3 168 1531 233
1 2065
3 807 2442 3794
1 396
1 1684
1 120
1 2437
1 3528
1 3387
1 2791
1 296
3 438 3650 33
3 2220 531 2785
3 558 3062 1247
3 740 2055 3172
3 3229 356 3406
3 3194 845 1156
3 2848 1450 2746
3 89 2316 1548
3 1243 3966 418
1 3597
1 1960
3 662 3286 3665
1 1366
1 2074
3 1593 2670 3527
3 1979 1647 2943
3 3618 1675 637
1 3268
1 1290
1 3083
1 675
1 478
1 723
1 1851
3 1913 1827 2097
3 992 295 2955
1 1053
3 1926 203 1695
3 2494 2280 3461
1 578
1 3547
1 1818
3 3781 2649 1590
1 3409
3 2174 297 2524
3 283 1325 75
3 3087 3104 450
1 1100
3 2850 4000 1484
3 3001 2233 2393
1 2350
1 3222
1 3628
1 3212
3 2389 1159 1272
3 1535 2080 439
3 1073 3702 3649
3 921 3893 3314
1 1324
3 510 3336 500
3 2123 3409 3982
1 4058
3 841 962 2041
3 3308 993 287
1 2829
3 3516 724 2651
3 2315 3838 1741
1 1174
1 322
3 1680 364 1905
3 2475 1653 402
3 347 2508 4048
1 4008
1 2476
3 1607 2200 348
3 805 2484 1559
1 940
1 562
1 3859
3 312 973 658
1 3896
3 2919 646 3315
3 3289 1754 3975
1 2930
1 3969
3 2693 1618 3431
1 418
3 422 3668 2458
3 3052 445 2461
3 2377 3200 2549
3 462 952 3156
3 2315 858 1595
3 2196 994 1950
3 3208 2859 3354
1 997
3 406 4007 761
3 2463 4021 1326
3 1266 590 754
3 1816 1963 2015
1 1731
1 3117
1 566
3 3744 618 27
1 2352
3 3087 2777 1999
3 3202 539 55
3 1721 2426 567
1 731
1 3697
1 1242
1 3556
1 412
3 1563 2598 266
3 353 3991 2977
1 107
3 1476 2223 3624
1 103
1 104
3 1022 2897 860
3 78 137 1783
1 2459
1 3072
1 2235
3 284 3715 1225
1 676
1 172
1 1981
1 2767
1 1716
1 3582
3 1460 2043 383
3 1337 379 1229
3 2290 2551 3257
3 3032 351 2903
3 2177 1488 3644
3 1670 3074 3155
1 2432
1 2095
1 2861
1 56
3 471 1524 1062
3 3665 965 2187
3 2770 1748 1313
3 1903 270 3217
1 14
3 3127 1405 2283
1 1125
3 1421 1616 1492
1 582
3 748 2027 25
3 2864 1757 1026
1 3831
1 3999
3 2252 1914 3758
1 3920
1 2653
3 597 2076 698
1 2757
3 1325 2116 3781
1 3695
1 751
3 2477 290 4091
3 2617 1901 3820
1 2520
3 367 1808 117
3 1178 3167 2954
1 854
3 4085 1394 1511
3 455 3750 1525
1 1889
1 1853
1 3968
3 1339 1437 3475
1 4073
3 2221 1241 1645
1 2925
3 748 3843 1739
1 491
1 345
1 4005
3 1599 1829 3183
3 2610 1875 2065
1 1353
3 3259 2775 1231
1 2591
1 840
1 3930
1 3675
1 4051
1 3978
3 3335 2991 368
1 3531
1 3182
3 1072 421 3632
3 1073 196 4087
3 3237 1043 1372
1 3013
3 1867 1386 2091
3 3151 3992 3404
1 2350
3 1874 1554 1233
1 608
3 143 3628 4
3 3768 2572 1820
3 686 2356 1212
1 883
1 912
1 1319
1 3227
3 3408 1080 547
1 2500
1 3441
3 2952 990 1495
3 6 1238 265
1 116
1 369
3 741 1848 1472
3 3130 4058 803
1 1879
1 2743
3 3681 1257 3744
1 3845
3 898 2569 3523
1 1432
3 3524 1449 1378
1 459
1 3487
1 3598
1 564
3 3327 3768 2550
1 1156
1 3470
1 2132
1 1692
3 2657 3533 3107
1 2672
3 565 2213 672
3 973 3326 2870
1 1252
1 1282
3 3586 3206 1956
1 1026
1 2225
3 3786 49 111
1 2781
3 3303 2738 1339
3 1720 1170 619
1 610
3 3787 3331 623
3 1284 2731 606
1 1541
3 1521 2333 1232
1 1436
1 3441
1 775
1 934
1 2247
3 655 489 2141
1 3674
3 1460 2822 71
1 3447
1 2430
3 622 3618 3245
3 2453 1566 3095
1 273
3 1096 3041 2543
3 455 987 353
1 3497
3 819 2375 617
3 1518 1816 2622
1 3822
1 1872
3 1219 247 1016
3 2913 1367 1793
1 1201
3 943 3876 4066
1 90
1 1485
1 3475
1 32
1 1692
3 2742 1667 1736
3 2412 1439 239
1 3664
3 649 214 2623
1 2065
3 2243 4023 763
3 928 3254 3915
1 2185
1 3433
3 1876 3194 3039
1 724
3 1283 38 2916
3 1522 3674 627
3 1885 1401 4047
1 3588
3 2114 840 1508
3 923 3464 2044
3 3274 3296 2950
3 443 3102 1567
1 426
3 272 413 1132
3 289 661 859
1 1894
3 1630 1959 3346
3 600 3486 2473
1 3612
3 471 1517 1867
3 4057 1979 3333
1 424
1 1296
1 1186
1 1899
1 3717
1 3599
1 64
1 3761
1 827
3 3814 4093 739
1 3920
3 3032 3105 3250
1 2190
1 2840
1 934
3 3347 2727 2968
1 1173
3 3329 18 3510
3 1887 2074 1303
1 1482
1 322
1 1501
3 1617 345 1281
3 3060 711 3747
1 255
1 912
3 3301 229 3570
1 359
3 1036 271 2311
3 3306 3192 1197
1 2712
3 2898 1078 3887
3 1472 1934 3770
3 3068 3972 1821
3 2637 3551 2986
1 3107
3 38 1068 3375
3 1608 2086 1329
1 870
1 3825
3 3379 552 2130
3 2633 2279 899
3 3952 3166 2056
1 3340
1 1957
3 1239 2669 566
3 3056 557 2607
1 1081
3 622 869 2204
3 2404 517 4074
3 3805 2902 1924
3 2890 3877 126
1 3612
3 758 3484 1984
3 80 2767 3625
1 650
3 2057 48 1259
1 1731
1 212
1 1673
3 1334 2282 2545
3 2206 881 1345
3 2200 875 3216
3 1017 967 181
3 286 3952 620
3 3286 581 3726
1 3746
1 1179
3 1404 919 938
3 2066 3077 2126
3 2751 1654 2515
1 2082
1 4028
3 3282 640 2530
1 3246
3 1257 1340 3349
1 3350
3 265 1060 1876
1 2571
1 294
1 2492
1 2871
1 473
1 1384
3 617 2632 3997
3 8 2935 1968
1 942
3 2170 17 3040
1 2399
3 777 3588 1872
3 3438 1216 2886
3 3750 1800 1591
1 3638
3 284 2911 1107
3 3440 2396 1812
3 3894 2123 1445
1 3456
3 3016 1860 2001
1 200
1 3637
1 320
1 376
3 3135 189 1105
1 733
3 3318 1245 2940
3 2238 145 3356
3 497 3133 2908
1 1744
3 2361 1407 1278
1 127
1 4039
1 3966
3 3334 3808 1766
3 2898 878 88
1 3828
1 2024
1 1906
3 329 1666 4030
1 2247
1 731
3 3944 216 1157
3 1915 1145 143
3 980 2111 4024
1 1043
1 3822
1 2647
1 3717
1 3474
3 2174 3120 3826
1 537
3 925 3686 561
3 2907 3858 1228
3 1670 2452 3353
3 1738 3883 1440
1 439
3 1690 644 3841
1 4017
1 3685
1 2292
1 3470
1 103
3 3384 3684 519
3 3747 350 3368
3 738 1161 2710
1 3594
3 319 3818 1709
1 475
3 55 3392 1227
3 1012 3471 610
3 648 2069 333
3 1428 177 3694
3 312 2404 703
3 3866 1868 80
3 2870 3995 2436
1 74
1 744
3 3306 220 2341
1 3848
1 278
3 375 1244 3249
1 3940
1 3013
3 2481 625 2125
1 161
3 1334 833 2526
3 2384 3490 3426
3 950 506 3209
3 1212 1301 2538
3 1830 1218 1442
3 1243 3481 3873
3 1815 1898 3289
3 3061 769 978
1 960
3 2625 3237 2850
3 1269 2778 1997
1 1686
1 1771
3 2200 2239 2012
1 2098
1 2024
3 832 1609 2209
3 1452 3994 3052
1 2241
1 136
3 313 4034 3437
3 1473 3988 2336
3 2279 201 1828
1 421
3 699 1512 205
1 2787
3 1388 496 3170
1 1950
1 1759
3 1042 2748 3113
3 3357 638 264
1 1901
1 897
1 3592
1 3990
3 477 2244 274
1 2506
3 2379 2810 2728
3 1209 261 3831
1 1541
1 2219
1 2747
1 2521
1 1847
1 3938
1 1676
3 1819 798 2828
1 2803
1 478
1 3654
1 2790
1 11
3 1743 1625 2661
1 3978
1 1877
3 2680 884 678
1 653
1 429
3 422 2469 1944
3 216 3140 1637
3 3794 1604 1200
3 2358 503 1370
3 3523 2090 1592
1 1139
3 2933 2563 431
1 1420
1 189
3 1189 662 755
3 1604 427 50
3 1349 1657 2471
3 556 1726 1858
1 3198
3 3014 3428 2925
3 699 338 1846
3 2782 1842 4051
3 3855 487 3561
1 724
3 1438 3553 2960
1 1462
1 2801
3 1512 3675 2292
1 650
3 2413 1568 1168
3 309 3685 824
1 3037
1 634
3 3774 2127 308
3 3228 1457 241
1 2118
3 2686 1539 1397
3 195 953 2257
3 3422 2600 3945
1 267
1 2553
1 2423
1 659
1 670
3 1979 1785 2201
1 624
1 2938
1 548
1 3471
1 3062
1 3673
1 3280
1 1717
1 369
1 2712
1 3086
3 3498 1169 3501
1 909
1 3036
3 3488 3009 2210
1 3570
1 2153
1 2146
1 2501
1 2273
1 1105
3 1694 573 4029
1 2031
1 2082
3 939 1311 1288
1 2096
1 3047
1 2731
3 3179 1746 3019
3 1756 3085 3735
1 3591
1 380
3 2578 2208 1121
3 1392 3500 856
1 2339
3 1162 2281 4049
3 347 3465 2331
1 798
1 640
1 3401
1 1479
3 3108 3560 381
3 3513 3021 2437
3 812 1084 1755
1 1322
3 1688 1201 1015
3 1189 3911 53
3 3208 3184 3819
3 129 816 3543
3 792 3562 3150
1 2973
3 3526 1834 1258
1 256
3 3373 915 3186
3 3889 2858 2584
3 678 3127 2933
1 856
3 1535 2794 1163
1 3174
1 879
1 2987
1 1792
3 3001 1286 1662
1 3591
1 3143
1 427
1 3482
3 2318 3235 549
1 1889
3 801 3402 836
1 1624
3 1041 3365 1479
3 1750 2260 388
3 1041 2521 2708
3 1483 635 1147
1 742
1 426
3 208 2972 527
3 3099 2945 3324
1 2231
3 2678 3568 1022
1 2784
1 2653
3 3275 2164 1743
1 11
3 2293 645 215
1 1391
1 120
3 1570 2985 3343
1 1740
3 1874 2048 1892
1 927
3 992 2378 3201
3 2878 2476 3119
1 2208
1 640
3 3190 1305 3189
3 3237 2743 3688
3 3281 732 3566
3 3559 2007 847
1 609
3 1227 2720 3558
3 1522 1412 2868
3 2400 2963 3159
1 3956
3 3614 3901 1838
3 1284 3771 3309
1 3469
1 3491
3 1056 2730 947
1 2086
1 301
1 3990
3 914 2509 3754
1 354
1 2523
1 2010
3 3092 185 3639
1 2766
3 1829 2231 2325
3 4074 2217 339
1 76
1 2153
3 3137 1923 2302
3 3384 1177 2417
3 1712 1553 2372
1 2988
3 2147 1360 2969
3 1786 2492 2434
1 1765
3 1001 3284 559
3 3871 3350 1104
1 1853
3 2164 1165 3076
3 1074 1806 3712
1 3771
1 2651
3 2250 1347 2290
3 319 2300 3604
1 333
3 1846 876 3037
3 4064 3753 1041
1 735
3 2687 942 3292
3 1542 1184 1331
1 2434
1 2708
1 2208
3 2622 2732 2357
3 1524 2172 3000
1 3272
1 1463
3 3706 417 659
1 1032
3 2890 1253 2148
3 814 1455 3359
3 3970 3918 1123
1 693
3 903 2488 36
3 3424 448 2031
3 3052 3414 3583
1 2825
3 3768 906 1921
1 3965
1 1125
1 115
1 3578
1 254
3 3014 2533 772
3 3575 910 343
3 462 2093 2237
3 75 2605 3633
1 1938
1 115
1 2803
1 1730
3 1801 2799 2023
3 1602 1024 174
3 2072 3082 1702
3 389 3800 1418
1 1114
1 2920
3 3518 1552 3220
3 1164 3146 3427
3 1988 3023 834
3 1902 1436 1841
1 3193
1 3142
1 258
3 728 2256 1536
1 1947
1 3008
3 1445 2586 639
1 85
1 1510
3 3202 6 1700
1 2523
1 2478
3 2332 1143 1017
3 1219 966 984
1 3062
1 1290
3 3368 3736 1336
1 13
1 1410
1 3447
3 2047 4037 1668
1 2739
1 2553
3 3339 3722 624
1 3749
1 2887
1 1526
1 2401
1 57
3 42 3017 3925
1 975
1 894
1 1732
1 804
3 3890 2987 2132
1 1168
1 84
3 855 3496 2580
3 2568 467 206
3 3006 3457 3886
1 3966
3 3012 3339 1562
3 3245 2028 1304
1 701
1 3055
3 1471 3055 1366
1 226
1 2726
3 2348 1840 3145
3 2678 2403 1069
1 464
3 2368 3519 1361
1 167
3 1542 959 2932
1 448
3 2477 1569 2005
1 3051
3 1 2493 3154
1 3381
3 549 1600 3962
1 1673
1 2628
1 994
3 245 2481 3006
1 2863
3 211 2289 225
1 141
3 1758 2441 1523
1 64
1 254
3 2108 956 649
1 2759
3 2531 3301 1576
1 3930
3 3783 3801 1935
1 3141
3 3616 1416 61
3 1021 2439 3914
1 2169
1 3631
1 1894
3 73 1203 3799
3 957 3277 2596
3 886 2948 1186
3 385 1847 2402
1 2209
3 2321 1920 3594
3 146 1486 474
1 3588
1 3280
3 3026 997 1389
1 2219
3 2870 2583 3056
1 1945
1 4026
1 3359
1 1506
1 3482
3 1069 1775 4068
1 2230
3 2650 3187 731
3 1187 2771 1790
1 1769
3 520 1663 1204
1 2856
1 2708
1 1153
1 3802
1 4037
1 2675
1 2122
3 1079 2112 747
1 2520
1 2069
3 3505 1506 2571
1 1303
1 2353
3 3823 240 4076
1 1994
1 136
1 4071
1 644
3 3281 1953 700
3 3304 2415 3725
3 3509 679 738
3 1346 1379 654
3 1068 742 3478
3 331 3109 1146
1 803
3 828 2686 2310
3 1238 3042 1599
1 3820
1 3227
1 1437
3 3326 1720 1480
3 3498 3234 2965
3 1418 3267 3057
3 2211 2770 2057
1 3820
1 3089
1 7
3 2409 2762 1198
1 1129
1 1811
3 2867 2470 2265
1 1744
1 3463
3 3102 3393 492
3 1972 1586 1570
1 301
1 682
3 2686 3827 3374
1 1351
3 1128 851 3749
1 962
3 728 3917 1900
3 3217 2723 2351
1 491
3 101 2633 1745
3 3313 3268 2122
1 1389
3 3778 2726 2853
3 3643 1354 831
3 4012 2451 565
3 3065 3710 663
3 1280 1133 3824
3 3521 1704 1909
1 1412
3 884 1460 3304
1 2445
1 2469
1 947
1 3439
3 1819 670 2801
1 3489
3 597 1425 1275
1 682
1 3788
1 3810
1 3037
1 1605
3 2625 3279 982
3 3656 2617 134
3 3753 4082 3589
3 1809 2714 282
1 1585
1 2636
1 2190
3 2696 2142 664
3 790 2809 735
3 3757 1608 2578
3 2447 1262 1770
1 2101
3 2206 235 699
3 3186 3168 2194
3 1407 2740 1814
1 1623
1 3899
1 3047
1 1697
3 1136 2322 1582
3 2692 3842 3417
3 3542 1066 2712
3 2318 750 2081
1 2772
3 3090 1633 2773
3 51 4016 773
1 1559
1 2829
3 2481 1221 3955
1 900
1 2802
3 1604 2891 104
3 180 362 3910
3 3114 3240 1973
1 2241
1 2193
3 2013 832 183
1 311
3 1869 1468 3919
3 3030 4077 3390
3 1988 1866 1975
3 1776 3732 835
3 2839 3161 1230
1 3928
1 171
3 591 902 230
1 3977
3 3392 3012 963
1 3296
3 2733 1349 848
1 3740
1 1367
3 1045 1572 3434
3 1887 425 2737
1 112
3 903 447 3203
1 1945
1 3570
3 1339 3083 2838
1 2193
3 696 3474 2229
3 570 2395 501
1 824
3 511 1446 269
1 3365
3 205 1053 2000
3 2844 1903 3373
1 3292
1 405
1 3532
1 1870
1 794
1 3546
3 1869 3607 839
3 306 238 3690
3 1926 702 2998
1 3028
1 305
1 2586
1 4076
1 2402
3 2147 3798 365
3 3794 2121 2597
3 2448 1871 2431
3 325 776 1579
1 644
1 3968
3 1414 537 3622
1 3119
1 105
1 3825
1 3346
1 851
3 262 799 1099
3 1030 446 2181
1 4037
3 3963 1042 2952
1 2366
3 2344 2304 3118
1 837
3 2862 483 360
1 3142
3 2933 1223 3458
1 1351
3 686 401 1888
1 2473
1 171
3 2355 787 2677
1 3378
1 789
3 3604 3942 3521
1 2881
3 3602 2787 3612
3 570 3317 1365
3 2072 2253 2791
3 1848 2641 2599
1 82
1 1835
1 207
1 1980
1 1710
3 1381 2648 3164
3 1517 1580 82
1 1983
1 543
1 1479
3 3805 3689 133
1 240
3 905 598 983
3 1272 3786 810
3 1133 2793 710
1 3184
1 3428
1 2138
1 323
1 2426
1 2091
3 3835 1250 3291
1 2685
1 2995
1 672
1 3771
1 1831
3 231 3066 1496
3 1570 2836 2619
3 2845 393 2962
1 4006
1 931
3 3386 1499 2824
3 2560 3504 2666
1 3721
3 664 1904 1409
3 3271 4035 179
1 3865
1 3927
3 2866 69 817
3 1069 3242 3025
3 539 1767 807
1 2750
1 1974
3 2693 3939 3619
3 2204 463 2614
3 346 301 2973
3 277 3319 2347
3 2862 3974 3832
3 2026 387 3067
1 1153
3 1898 221 2349
3 1056 1851 4079
3 1848 403 1172
1 3182
3 977 4013 2655
3 108 3280 2970
3 433 3969 273
3 2992 2240 3535
1 2970
3 3937 4010 1287
1 2080
1 3475
3 907 1507 3259
3 1955 2174 1502
1 543
1 3782
3 1261 2196 3269
3 2714 2305 553
3 4078 1190 3699
1 1835
3 1809 3001 209
1 234
1 2265
3 2295 2453 1550
1 475
3 1868 1252 3141
1 3196
3 350 1737 440
3 3436 3311 728
1 1870
3 2610 3677 2923
3 3814 2612 715
1 1740
3 1613 3010 1317
3 2412 3580 1003
3 1175 2394 1113
1 754
1 228
3 1074 2579 2307
3 3618 2216 3395
3 2622 3953 1949
1 1409
1 3500
3 3866 3587 65
1 499
1 3640
1 2227
3 2360 2235 912
1 563
3 989 1885 3347
1 3007
3 183 2146 2273
1 1920
3 191 1086 3398
3 1008 3696 2428
1 37
1 2346
1 3804
1 2731
1 2045
1 2938
3 1593 263 507
1 3891
3 3952 1167 2498
1 439
3 3060 4060 1809
3 783 3058 3764
1 3000
1 2936
1 3008
3 73 930 2034
3 855 2371 529
1 1335
1 3057
1 1190
3 3039 634 1318
1 3599
3 2723 2974 3383
1 1623
3 324 1343 986
3 1476 3863 676
1 981
3 2328 766 3128
1 4026
3 1232 998 1417
3 1895 3125 1306
1 1911
1 3527
1 1043
3 342 2517 1822
1 3119
1 3688
1 1944
3 1309 354 2628
3 3536 903 462
3 2786 3233 2683
3 3328 1626 2303
3 1763 2359 3900
3 573 3022 2989
3 3670 1661 2894
3 206 486 3923
3 3231 2365 2841
1 3765
1 1546
3 1497 1636 2407
3 2023 2615 3946
3 460 2702 3569
1 545
1 1778
3 2356 3438 863
1 243
3 3097 1764 3436
1 566
1 212
1 3399
3 3835 1795 30
3 1356 793 1514
1 2230
3 3706 15 975
3 3438 2749 2694
1 1372
3 1062 543 3064
1 2042
3 1856 3221 2183
1 811
3 2650 3532 2414
1 3486
1 1324
1 2326
3 3413 204 165
1 3951
3 2503 213 1063
3 2751 1226 1447
3 1767 471 432
1 3801
3 2590 2440 1263
1 10
1 3999
3 222 3224 1055
3 2581 169 121
3 3130 733 1144
1 555
1 867
1 104
3 1631 2796 691
3 1885 1537 2789
3 3076 687 1423
3 3755 3538 1031
1 1508
3 1743 597 2275
3 134 3307 1434
3 2522 91 896
1 94
3 2165 1937 1295
1 1940
1 305
3 2444 1998 2045
1 2398
1 1156
1 1668
1 175
3 1530 2199 2910
1 1265
3 4057 3327 2382
1 794
3 1200 3891 518
1 4083
1 405
1 1981
3 1450 2377 841
1 345
3 1586 2671 249
3 2409 2529 1786
3 1165 4004 730
1 526
3 2475 1454 2120
3 1445 3788 251
3 565 3691 3592
3 2381 280 1424
1 1854
3 41 2964 2269
3 2681 946 2646
3 2941 2575 922
1 990
3 3523 1982 1917
1 781
1 4073
1 1504
3 881 2608 1471
1 219
1 628
1 2838
3 2944 314 2834
1 2827
3 1248 1768 404
3 3056 2312 3584
1 3452
1 3400
3 3670 3830 386
3 2295 1489 1670
1 3841
1 2847
3 3870 2547 1987
1 3547
3 1581 2496 689
3 1097 701 464
3 3511 1564 1327
1 1384
1 1961
3 2444 37 1289
3 3967 528 2246
3 1688 1131 751
1 1109
3 1955 3111 3611
3 4087 651 2264
3 814 2383 2350
3 1767 1071 3866
1 3309
1 639
1 3093
1 1629
1 1964
1 2511
3 2139 1513 1535
3 2105 2701 2823
1 275
1 15
3 1191 2156 2298
3 2033 1612 3476
3 3168 468 1644
1 942
3 1072 1391 825
1 3268
3 2762 2326 163
1 1778
1 1282
1 3921
3 206 43 2362
1 1462
1 3367
1 1372
3 2221 150 58
1 2988
1 3161
1 93
3 1037 1134 1181
3 1659 544 1173
3 2276 3376 2334
1 3933
1 1704
3 250 1357 1255
3 2608 2490 92
1 3875
3 1453 1090 2763
3 2720 2839 777
1 429
3 3298 1672 3169
3 2556 2788 1669
1 258
3 3963 1239 1641
3 3100 3328 1631
1 3072
3 1308 675 3640
1 3784
3 3911 882 3335
1 2541
1 804
1 546
3 987 2704 603
3 2081 148 1254
3 662 508 151
3 3559 1571 2008
3 916 3595 692
3 222 2099 2071
3 395 1646 1056
3 2617 3121 2591
1 412
1 2729
3 3065 3094 3467
3 2163 3934 285
1 113
3 857 2947 3951
3 521 441 2364
3 1518 719 1483
1 1932
3 2344 554 3306
1 1974
1 727
3 2546 2366 2430
3 1297 3508 1733
3 2164 2117 3219
3 1406 3756 1028
1 2180
3 3455 2631 311
3 696 2636 1818
3 3669 1469 3322
1 9
1 1367
3 1097 2096 57
1 1455
1 1810
3 2389 3408 2921
1 845
1 1730
1 1859
1 3407
1 3226
3 3138 477 1428
3 3219 3627 2017
3 372 3252 377
1 1568
3 3945 1753 3550
3 1690 2747 3452
1 725
1 780
1 2809
1 676
3 869 924 3323
1 1190
1 771
1 1977
3 882 2706 3524
1 1102
3 3889 1587 86
1 672
3 2842 2317 2318
3 3006 800 1714
3 2550 3276 3283
1 4093
3 1269 2821 2658
3 1745 1030 3262
3 3310 2226 254
3 957 3416 2736
1 2825
1 3296
3 467 2342 2811
3 1014 1991 1780
1 3691
3 2899 2539 2306
1 3490
1 1707
1 1038
3 1209 3463 3608
1 1394
1 1333
1 2454
3 863 337 1011
1 1944
3 2832 3693 791
1 3346
1 2564
1 84
3 1278 2609 4063
1 1434
3 1562 3903 1880
3 679 4096 2854
3 511 1588 1431
1 931
3 282 749 1111
3 1136 3855 2066
3 810 1606 1171
3 1918 648 2145
3 3852 3921 2936
1 4076
3 1607 2294 977
1 2828
3 1404 2466 2367
1 304
1 2325
1 1797
3 3573 59 1048
1 1908
3 1927 3479 4009
3 3709 3536 2849
3 1768 1691 1023
3 1995 1098 2335
1 1998
3 982 11 3695
3 716 3090 1057
1 2352
3 2866 16 2198
1 1992
3 467 3745 1969
1 2663
1 2748
1 518
1 904
3 678 1542 3909
1 394
1 3960
1 2830
1 156
1 1682
1 3184
1 2728
1 2263
3 1309 3013 3816
3 711 3179 1220
3 3658 2166 3555
1 82
1 2445
3 1825 907 2792
1 1520
3 1057 2468 502
1 3908
3 2145 1760 2227
3 3929 3342 1823
1 3590
1 3064
1 2192
3 3847 3986 1215
1 2180
1 634
3 1012 1961 1899
1 1129
3 1567 3897 2083
3 3880 3968 3956
3 3358 1752 607
3 3005 78 3757
1 3956
1 2000
1 3222
1 2675
1 1810
1 3300
3 3115 1481 721
1 3364
3 1459 2707 2542
3 3855 3729 505
3 329 632 887
1 3593
1 1684
1 3174
1 2340
3 1382 3480 4045
3 2252 484 3369
3 4085 3899 294
3 504 3218 2574
3 4061 1352 400
3 1619 24 1458
3 1574 852 3741
1 3772
1 2263
1 850
3 1238 746 3502
3 2105 2905 2212
1 3486
3 2057 2857 743
1 320
3 3436 504 758
3 949 551 1006
3 1918 182 2817
3 2952 116 3804
1 3598
1 1879
1 693
1 473
1 4083
3 3774 2385 3623
3 2761 3556 2739
1 3533
1 1491
1 3354
3 3909 3063 3912
1 2067
1 1242
1 3977
3 454 2151 3882
1 2274
1 3204
3 703 3422 3752
1 1249
3 1143 3122 1891
3 2406 2808 3185
3 1659 3703 682
3 3909 2559 3412
3 3499 442 2472
3 709 3115 1116
1 1798
1 2730
1 1611
1 3490
1 2470
3 2047 693 1298
3 1381 3959 3372
3 344 2577 2914
1 1322
3 866 63 1952
1 105
3 2448 1188 889
3 1316 385 1443
1 560
1 34
1 3903
3 1067 347 211
3 2882 2211 1085
3 1347 1310 2369
3 2354 2895 3071
1 2501
1 2586
3 4060 1563 208
3 2878 1402 1348
3 2850 115 780
1 900
1 2781
3 435 1082 1008
3 2124 2540 3630
3 2436 218 1115
3 1021 1083 2266
1 1959
1 1950
1 3666
3 1582 961 2567
3 2275 1601 3472
1 2483
3 1855 451 2460
1 3865
3 3502 1819 2203
1 1732
3 755 3308 2344
1 3497
1 1081
1 1123
3 3351 2297 1293
3 1602 102 2833
1 2091
1 4
1 670
1 2484
1 2074
3 2674 1839 1965
1 2819
1 76
3 1563 3239 3576
1 1880
3 1133 1565 2769
3 2980 822 1870
1 2814
3 135 741 1518
1 1980
1 1951
1 2881
1 3478
3 805 1623 2236
3 3165 3253 3421
1 2045
3 1742 1413 2807
1 4041
3 2134 2110 4040
3 815 2159 818
1 1222
1 960
1 3927
3 51 392 771
1 2682
1 2459
3 2994 1061 1761
3 210 316 1292
3 2935 147 2576
3 488 752 1009
3 2351 671 1503
1 1875
1 4079
1 1698
3 1283 3656 2696
3 2605 1802 2449
1 57
3 3558 3993 1593
3 2121 3931 2010
1 1508
1 3845
3 53 3100 898
3 432 2379 1902
1 2663
1 263
1 3243
1 704
1 2089
3 2358 3265 633
1 414
3 1625 2561 3679
3 2746 3079 1284
1 425
3 3262 3405 3856
1 3365
3 844 3511 342
3 3494 1635 4055
1 840
3 2382 2059 109
3 3328 1928 1683
3 2059 3659 3950
1 2118
3 508 3929 2555
3 1913 757 1970
3 2582 3707 1296
1 701
1 1185
1 23
1 2549
3 1312 1688 346
3 2706 3821 371
1 1366
3 1687 2134 1852
1 3848
671
4018
316
2539
3376
1362
2966
2474
3466
2197
461
3253
3560
1106
1800
218
1237
2395
1652
1169
2668
2551
3029
3760
1158
1044
1140
485
503
1203
2051
1836
3416
2076
4067
752
3480
1039
91
1046
1127
2517
3836
1584
3446
399
1937
3206
1553
3838
1216
3888
2566
2109
3123
1982
2394
1454
3244
3718
2676
2836
3548
3701
3508
2615
720
665
1086
4088
1040
1787
2561
2895
799
1923
1532
2577
2909
1784
3176
1135
3276
3733
2961
3615
3429
1087
125
3024
3414
768
757
2912
3661
2499
79
3812
2831
2889
0 0
