4096 100
1 1270
3 1802 1586 1797
1 3483
3 3533 2779 2135
1 3112
3 4013 98 1952
1 476
3 2907 1166 1478
1 721
1 3753
1 3031
3 1585 15 3391
3 1022 121 3670
3 3738 3202 692
3 12 3937 3660
3 2673 3624 4077
3 2861 1582 4063
3 4022 438 3981
1 1355
3 3343 1803 2690
3 1202 913 3176
1 436
1 2806
3 789 1760 3515
3 3988 2660 554
3 3444 2330 1330
1 291
1 3595
3 1594 3042 612
1 2991
1 1079
1 196
1 95
3 68 1000 3581
3 2834 1917 3946
1 3761
3 3015 1553 335
1 2855
3 4093 759 3486
3 1747 3960 3063
3 2880 937 2926
3 1014 1206 1049
1 2884
3 1953 417 641
1 3580
3 1455 1923 2803
1 1088
1 2056
3 1544 1518 123
3 2224 2528 3733
1 233
3 1611 2384 1815
3 1660 203 3626
3 3586 1728 3248
1 3345
3 927 1285 2061
1 748
1 2776
3 4028 1648 3413
1 2421
3 477 1085 546
3 1092 2502 2224
1 1133
3 612 2751 607
3 2907 2932 785
3 2324 406 3874
3 4052 2070 3083
3 2165 1079 34
3 234 2667 3720
3 2772 1817 3351
1 4049
3 4003 1026 2341
1 2230
1 978
3 215 671 1340
1 549
1 657
1 3965
1 2598
3 622 4016 588
1 3231
1 2260
3 1460 2940 3795
3 522 3145 2429
1 1273
1 3458
1 2346
1 3017
3 2313 2179 2217
1 1354
3 1482 254 643
1 381
1 3012
3 812 2758 2613
3 3518 3943 33
3 548 2188 3984
3 1909 1016 3885
3 6 1661 2176
1 269
3 2646 2048 3529
1 3799
1 2811
3 2475 2504 1306
3 1695 2320 3596
1 646
1 3059
1 1847
1 786
1 2413
1 2460
3 411 2830 2476
3 2833 638 3036
3 1554 2004 3279
3 3016 182 2809
1 2405
3 315 2387 3029
1 767
3 2451 4074 2153
1 2514
1 2476
1 13
1 2230
1 49
3 1026 3074 869
1 1212
1 2956
1 678
1 968
1 271
3 2789 2216 148
3 1911 2375 2400
3 2415 488 3846
3 2349 896 1475
3 2341 3342 2988
1 2095
1 1784
3 1029 2708 3611
1 540
1 2801
3 3841 344 297
1 1725
3 3722 2653 3304
1 408
1 2505
1 2110
3 3732 2496 1523
1 3401
3 130 2198 1381
1 1770
1 3595
3 446 1754 3221
1 613
3 1357 1667 1752
3 545 271 1418
3 1481 1650 3402
1 3262
1 695
3 481 2491 3141
3 2251 548 2851
3 1102 3021 2099
1 2724
3 2807 1785 3867
3 197 2193 1125
1 1079
3 1699 2108 1113
1 3450
1 4018
3 192 1806 3158
1 1049
3 2673 398 1322
3 1934 211 1320
1 1992
1 2653
3 2234 1811 3603
3 3464 1019 499
1 2643
1 3873
1 1944
1 3653
3 3312 3414 752
1 3381
1 114
1 2514
3 275 402 1555
3 1043 620 2993
1 1400
3 2286 3735 1215
3 1420 3482 849
1 1529
3 3290 3522 2026
3 313 2917 2900
3 1792 1605 168
3 758 2067 1796
1 1698
3 3863 2200 1534
3 3042 1521 32
3 2011 163 426
3 3167 1950 2983
3 1447 267 4029
3 3115 2723 2770
3 2208 1940 2853
3 1161 1160 4012
1 53
1 3275
1 1273
3 3654 3054 796
1 2747
3 3954 738 3976
3 3652 329 3539
1 1757
1 171
3 2454 916 4019
3 2469 3439 3725
3 1731 1547 1038
3 1820 75 3470
3 1356 1406 3595
1 3465
1 3457
3 4093 2894 1059
3 478 3978 1329
3 1762 1740 1566
1 1605
1 908
3 2695 1031 1424
3 3013 230 323
1 1347
3 2284 2105 1746
1 680
3 2019 1408 1011
3 225 1461 2405
3 589 3471 2222
3 3159 3653 767
3 2112 51 1183
3 1507 69 3956
3 3739 2140 973
3 664 1993 2596
1 3225
1 578
1 952
3 2167 2761 4009
1 1222
1 2946
1 1637
3 2748 445 782
3 2379 901 1769
3 2173 1377 3699
3 1818 2877 3821
3 3973 3891 2021
1 2462
3 3107 2150 3512
3 1631 3034 306
3 4060 2300 341
3 1880 1116 1934
3 91 2403 2913
3 1399 653 2515
1 1211
3 855 2727 2201
1 2876
1 1204
3 1042 2609 4011
3 3057 2669 2148
1 2421
1 2717
1 1400
3 2864 1055 780
1 3575
3 199 1685 443
3 530 473 2538
3 3467 99 2432
1 2887
3 154 129 1256
3 3819 856 2399
3 2788 1407 2112
3 2261 1284 576
3 1360 494 184
3 750 3751 4005
3 2470 2905 932
3 754 1142 1837
3 1681 2673 1509
1 3994
1 2495
1 2578
3 1014 2435 570
3 818 540 2235
3 1880 1391 2050
1 2747
1 2267
1 1213
1 1182
1 570
3 3673 27 706
1 1974
1 740
3 3152 1376 1680
3 2497 2706 2309
3 2005 2174 839
1 140
1 1371
3 3254 928 2829
3 3321 3337 1307
3 3817 1117 2199
1 2069
1 3229
3 1829 2587 394
1 924
3 251 1354 591
3 2496 3103 1895
3 1058 1237 4041
3 3452 2605 3873
3 1539 3922 2047
1 366
3 1149 2408 2227
3 982 191 2666
1 936
3 3018 116 1124
1 509
1 2859
1 2001
3 2423 3067 4023
1 3805
3 2150 1849 476
3 3844 3302 1151
3 225 1664 3231
1 1450
3 1933 458 1831
3 431 3552 2994
1 2476
1 333
1 209
1 3448
3 879 1977 2955
3 1562 963 2431
3 2657 1432 328
3 2670 1224 3962
1 37
1 3646
3 2867 542 3968
3 2473 354 2535
1 3542
3 1579 2107 834
3 252 2466 3142
3 797 351 982
1 2193
1 140
1 1393
1 3792
1 2685
3 4061 2524 3501
1 2383
1 3791
3 342 2878 1121
1 2582
3 1223 1919 2278
1 338
1 3111
1 1295
3 3833 1770 3024
1 981
3 3559 1671 3498
3 1938 2480 1096
1 648
3 3527 3646 3702
1 3037
1 2285
3 3985 3001 2469
3 2877 311 3505
1 1928
3 2755 1375 1240
1 672
1 613
1 776
1 1862
3 2492 2992 3875
1 3211
1 653
1 3707
3 2970 1262 994
3 1662 1655 3965
1 2264
3 2265 1465 2385
3 3101 965 92
1 1935
1 474
3 938 3557 777
3 2454 3328 2976
3 1665 2364 853
3 1042 750 1313
3 991 3169 2756
1 591
1 3523
1 3511
1 515
3 3978 3656 2448
1 304
3 1560 3452 3293
3 3527 3975 3987
1 3450
1 170
1 1264
3 3124 2204 2922
1 876
1 184
1 2326
3 612 3640 3763
3 3156 2002 2739
3 66 1362 3549
1 2081
3 518 143 3916
1 2760
3 1199 2868 1382
3 1551 111 2594
3 3021 1368 1226
3 977 493 1289
3 3884 3060 3621
1 2838
3 1491 3199 2826
3 44 2024 1190
3 861 3713 4042
3 3936 867 3047
1 3618
1 1970
1 1862
3 3391 862 2459
3 3488 882 1589
1 3113
3 197 3400 2752
1 1260
1 1275
1 1205
1 3975
3 1872 326 3073
1 1609
1 3261
1 2918
1 972
3 3862 22 3077
3 2388 1246 1071
1 18
1 1376
3 3586 1316 1268
3 2206 1826 4061
1 1219
1 267
1 2717
1 244
3 2921 2510 151
3 3388 3444 1773
1 2062
3 2387 787 2855
3 1570 633 1305
1 1201
1 3433
3 3133 1458 2909
1 2948
3 3841 3147 788
1 3377
1 928
3 325 2430 2499
3 3021 771 2071
1 3363
3 3900 3692 2676
1 1398
1 1922
3 807 3532 1355
1 3620
1 1522
3 542 1809 3449
1 3657
1 2318
3 1985 2165 2695
3 3760 2610 809
1 3711
1 268
3 773 383 1283
1 838
3 321 2132 7
3 1431 1447 61
3 711 2757 220
1 1928
1 646
3 1484 158 3499
1 603
3 2851 3791 2467
3 2732 686 1928
3 1501 2565 2242
3 3941 3310 1816
1 4071
3 132 3752 2762
1 3104
1 2358
1 895
3 3293 672 1510
1 413
3 275 2434 2125
3 2557 714 3672
3 3020 3788 3369
3 905 2895 2247
3 1240 2241 3800
1 175
1 2348
3 753 3481 1339
3 3719 2646 2286
3 4072 3806 3269
1 3812
1 2534
1 851
1 1926
1 2588
3 3255 316 3223
1 1851
1 1748
1 1634
1 2725
1 3567
3 715 392 1966
1 2458
1 2862
3 1959 408 950
1 1182
1 3837
1 2592
3 1124 1836 84
1 2062
1 1599
1 2759
1 2642
1 2162
1 3231
3 1682 948 2088
3 889 3729 268
1 824
3 3851 2347 2035
1 3465
1 610
1 2926
3 1749 562 2933
1 3825
1 904
1 853
3 284 940 138
1 1593
3 337 2801 467
1 3441
3 2469 3687 872
3 3697 154 2861
3 61 586 2368
1 672
3 159 96 891
3 3467 76 1070
1 3429
1 966
1 2599
3 1501 1198 3068
3 25 2944 2302
1 1331
3 2240 3682 3537
1 1656
1 3965
1 2295
1 954
3 3418 1020 1259
1 536
3 3512 4017 3183
3 3436 1463 1236
1 2124
3 1495 2146 610
1 845
1 1897
1 810
3 283 290 1109
1 3092
3 3613 1840 1549
3 3143 1884 1202
3 2207 4031 2530
1 777
3 274 2607 1607
1 1338
3 3804 1764 238
1 3136
3 2645 1034 1477
3 2307 1666 2084
3 3510 3742 3886
3 1075 881 2077
1 1645
3 1699 2915 2418
3 546 2086 3914
1 2505
1 80
3 1121 917 231
3 4003 2888 770
3 306 389 663
3 2738 3347 2773
1 1421
3 3015 3257 3174
1 4029
1 1823
3 3332 1273 1561
3 3236 2725 2956
3 3919 3878 3278
3 2437 1332 667
1 3563
1 1674
3 1544 482 958
1 1605
3 2786 3511 3239
1 3684
1 64
3 696 3915 3765
1 2447
3 566 534 3078
1 2944
3 29 404 64
3 3819 370 152
1 3984
1 2310
1 3302
3 2947 3820 4033
1 3601
3 3466 969 2206
1 185
1 1499
3 3009 80 2672
1 3385
3 3444 3443 1188
3 3040 3793 1914
1 2631
1 3262
1 2683
3 3583 2395 1143
1 3709
1 1212
3 893 1577 3676
1 450
1 3233
3 3652 1684 1778
1 2433
3 2808 3107 1514
3 112 2553 2807
3 753 1328 3098
3 1226 2487 2319
3 44 2424 1088
1 2161
3 91 2245 674
3 3184 1804 1575
3 3662 3804 773
3 3042 480 105
1 3010
3 3643 961 361
1 3710
3 3197 959 1308
1 2582
1 2199
3 255 375 2465
3 3388 1168 3509
3 798 1587 1179
1 935
3 659 2616 77
1 2436
3 1845 3037 657
3 2407 1748 4086
3 2833 2947 1441
3 1313 1689 3894
1 591
3 1986 3517 236
1 1563
1 3428
3 600 2574 3126
3 718 2734 1294
3 3906 1225 3991
1 3551
1 75
3 492 369 547
3 1346 810 2178
1 643
1 3629
1 1540
3 2979 998 718
3 2888 2652 127
1 3531
3 798 1741 228
1 721
1 3687
1 3463
3 3817 946 1204
1 1267
3 484 920 2308
1 3030
1 1894
3 927 2721 816
1 1126
1 2698
3 14 3606 2500
3 2502 3316 3150
1 2610
3 1860 3305 157
3 2732 1784 608
1 1477
3 2010 837 2042
1 1424
1 3493
1 3803
1 3304
1 1896
1 2149
1 2855
1 291
3 3631 2575 1676
1 2693
1 1338
1 2364
3 2816 730 478
3 800 2822 3758
1 2178
1 495
3 3132 844 515
3 3029 2901 3523
3 3716 2272 2271
3 677 1953 668
1 2498
1 2946
3 1956 9 681
1 2529
1 1098
1 3050
3 3739 864 2567
1 2406
3 2969 1207 2008
3 3973 2334 1039
1 1429
3 711 1649 2839
1 1003
3 2167 1846 2273
3 1977 3285 1454
3 3330 2649 1281
1 1385
1 1919
1 3453
1 208
3 3851 2852 3630
3 3583 887 293
1 4026
3 2677 751 2573
3 3857 1681 3850
3 994 1898 1176
3 1180 1786 1191
3 3276 3376 2379
3 3559 1222 1556
3 1826 3798 57
3 1364 1500 811
3 387 276 971
1 742
1 180
3 3036 639 501
3 885 278 2820
3 3474 3447 1153
1 2089
1 2968
3 1980 193 3665
1 39
1 2868
3 3394 4013 3299
1 3523
1 1657
1 1219
1 971
1 1384
3 232 117 1154
1 1922
1 2593
3 590 2267 1421
3 459 2089 1968
3 1511 2477 3959
3 645 1595 474
1 3616
1 3270
3 3028 1972 371
3 384 575 2152
1 1524
3 2437 2608 2458
1 265
1 2926
1 244
3 2288 1742 2559
1 2603
1 65
3 2691 4053 108
3 449 3134 2314
1 455
3 1852 24 2885
1 1757
3 1743 820 1646
1 2045
1 1150
1 3726
1 3909
1 206
3 2970 1996 342
3 3254 680 655
1 1971
3 3938 3787 712
3 2947 2841 3186
3 1407 955 3426
3 2165 3165 3664
1 3723
3 3519 3690 1576
3 1168 2541 3553
3 1666 1552 464
1 2493
3 471 3980 1624
3 673 569 2978
3 749 3450 2257
3 1953 1419 94
1 4049
3 2508 2650 3801
1 2467
3 689 3252 1480
3 1996 3479 2795
3 959 2167 284
3 2449 1834 3295
1 791
3 1551 3688 1372
3 2000 3570 1775
1 3702
3 2229 2233 531
1 3931
3 1252 1309 1758
1 2373
1 3211
3 2834 2746 2615
1 3075
3 1257 2622 1767
1 3918
1 1049
1 340
3 2151 1065 1991
1 2143
3 698 1064 1499
3 3668 990 475
1 296
1 3557
1 3019
1 3336
1 3823
3 715 2714 1647
3 1580 567 3283
1 1655
1 1385
1 2948
1 188
1 2004
3 3101 4010 506
1 1040
3 386 1798 539
3 3743 2813 1397
3 1816 3772 257
1 272
1 1656
1 3284
1 1293
1 1556
3 991 2558 418
3 423 3536 2707
1 918
1 725
1 2031
3 2121 2794 2790
1 419
1 3949
1 124
3 3029 2699 2918
1 2939
3 544 3382 3081
1 3991
3 2172 1069 1802
1 2758
3 1035 401 2258
3 1172 3163 1617
1 2844
3 3394 2251 331
1 1965
1 583
3 424 4056 1431
3 1904 2194 1076
1 2467
3 2266 754 2967
1 2022
1 740
3 1783 4045 1635
3 3662 2657 530
1 2615
3 548 4044 2776
3 3545 1975 2137
3 3682 3487 632
3 1554 3344 2862
3 2479 491 4015
1 133
1 3401
1 3555
1 3767
1 3244
1 245
1 2463
1 4021
3 2365 3052 538
3 2788 2388 497
1 987
1 2136
3 2350 223 3768
1 1888
1 3627
3 945 1608 3508
3 1251 2254 2870
3 21 3220 1342
1 3961
1 2026
3 212 3526 1403
3 589 2957 2831
3 3097 863 1217
3 3245 2313 1300
1 686
1 3554
1 3526
1 2672
3 1472 305 2281
1 1674
1 1896
3 1115 689 56
3 299 2232 457
3 2803 3934 3655
1 3755
1 1380
3 277 2982 3893
3 2190 974 1255
1 2101
3 1422 1735 656
3 1762 2410 314
3 41 2513 4051
3 2111 1921 384
3 3722 1694 3835
1 540
3 3790 1710 3547
1 2912
1 3242
1 2653
3 3611 3589 911
3 684 3192 1099
1 3103
1 529
3 1066 1672 2325
3 518 1104 3327
1 1128
3 3485 3082 239
3 2360 2417 1625
3 2976 3035 560
1 802
1 2002
1 2767
1 603
3 650 2889 818
3 2686 3032 2651
1 648
1 3061
3 332 1880 2402
1 1745
1 381
3 1864 1536 551
1 1334
3 2766 1766 128
3 619 1312 3161
1 3371
3 750 765 3852
3 1512 1123 435
1 235
1 933
3 3201 4082 3477
1 1437
3 1356 413 3306
3 1375 1987 74
1 2987
1 2939
3 3295 2494 358
3 342 1658 313
1 3956
3 3365 3349 3566
3 1773 1619 3618
1 3498
3 2071 906 3913
1 2739
3 3087 3217 2799
1 838
3 1808 388 861
1 2515
1 2295
3 377 2953 744
1 3736
3 3958 3847 2266
1 2725
3 677 3719 2755
3 3144 3219 3851
1 34
1 2569
3 3191 3313 1653
3 2442 731 2984
1 2841
1 3458
1 2905
1 1561
1 3186
1 3984
1 3653
1 229
1 2802
1 2002
3 4039 42 283
3 2060 1800 1343
1 97
1 2765
3 2244 2671 1716
1 175
3 561 3084 3385
1 1196
3 2671 13 1525
3 3905 2118 2705
3 2958 3407 1271
1 2749
3 72 124 3799
3 2010 3040 3467
1 2555
3 1999 137 2011
1 2212
3 224 1456 1622
3 2822 3732 2172
1 3637
3 580 1627 1936
3 1873 1129 876
1 2895
1 2588
3 214 3331 3541
1 728
3 2738 852 2038
1 2429
3 2512 387 260
3 1557 185 2910
3 2665 2985 3879
1 1470
1 2615
1 1592
1 1185
3 42 833 169
3 2837 3990 3419
3 3821 3766 2037
3 3201 2517 3746
1 1780
1 3649
1 265
1 2778
3 1995 2872 2065
3 3218 2688 308
1 219
3 2705 1722 2374
1 2298
1 1525
1 3374
3 837 3129 1630
1 835
3 2175 3909 949
3 1792 3119 3707
1 2707
3 874 3057 2730
1 549
1 437
3 3056 1156 1633
3 3442 2074 1492
1 3139
3 1845 2811 583
1 883
3 3379 3958 1102
3 1495 3428 2629
3 68 164 31
1 3453
3 1859 2810 2422
1 1961
1 3428
3 1790 2173 3814
3 61 3288 3637
3 4059 3671 2970
3 2942 1720 3560
3 641 47 2312
1 2823
3 3152 3931 3704
1 2022
3 1262 62 2058
3 1116 1230 1258
3 2365 1344 2949
1 2435
1 360
1 2378
3 2648 1139 723
1 946
1 2841
1 2868
3 1077 160 1251
1 3702
1 950
1 1823
1 1705
3 1401 2602 2586
1 2927
1 570
3 2967 2511 3205
3 1335 1641 1727
3 3901 3251 1606
1 165
3 1612 1857 1604
3 1460 1539 927
3 253 2358 1093
3 301 2544 1361
1 2316
1 1439
1 2493
3 351 589 3480
3 1889 2686 2296
1 972
3 315 522 4069
3 163 2117 2006
3 2502 690 3022
1 3256
3 1538 3440 951
3 1035 2444 1325
1 1831
1 1461
1 1968
3 2934 2892 63
1 2561
1 2073
1 1260
3 3838 3823 1524
1 3805
1 1098
1 1303
1 1369
1 278
1 629
1 3185
1 3403
1 3311
1 2699
3 2475 3845 1315
3 1507 1616 312
3 2531 793 1505
3 322 2873 2025
3 1419 2572 2977
1 755
1 767
1 2570
1 1072
3 1270 4059 2187
1 2391
1 1410
1 202
3 2576 202 2836
1 2989
1 2724
3 3968 1761 1943
1 3544
1 8
1 2260
3 654 2000 806
3 1975 3584 3513
3 3366 2114 3948
1 3425
3 1497 877 2525
1 3555
1 2729
3 2755 1612 1422
3 744 2772 2151
3 2173 3267 2832
3 1980 2645 1665
1 655
3 1523 3050 745
3 2179 2463 1656
3 2807 519 289
1 233
1 3434
3 1947 1048 2703
1 3762
1 2550
3 624 1626 3289
3 1411 1615 2063
3 417 3776 3079
1 745
1 3536
1 3112
1 1564
3 1538 3476 3809
3 3814 1858 1021
1 1944
1 553
3 2390 410 2787
1 2541
3 1691 451 3014
3 573 2925 21
3 3650 1348 2698
3 684 2414 259
3 2075 3033 429
3 42 1402 3399
1 727
1 1849
3 2484 2802 1264
1 3352
3 2650 256 3208
3 2665 125 631
3 2389 288 3834
1 2329
1 187
1 3202
1 918
1 2917
3 1512 442 764
1 1277
3 2217 3412 1390
3 747 1827 241
3 2011 353 1829
1 334
3 669 2270 2044
3 412 640 3591
1 3725
1 3695
3 3418 1783 3004
1 1093
1 3707
1 1398
1 2801
1 3618
3 3058 1944 2039
1 564
3 308 1535 3741
1 2391
1 2968
3 368 2160 498
3 3218 1762 2591
1 1248
1 3620
1 2556
1 3532
1 437
1 3711
3 2705 1883 1242
1 3846
1 2039
3 1102 912 1357
3 4056 826 2614
1 1912
3 3568 2580 2990
1 933
1 271
3 2851 2858 831
1 1093
3 561 3695 2373
3 2553 427 1136
3 2861 2428 1639
3 377 1092 3884
1 3439
3 1209 2322 399
1 3119
3 3124 4080 3667
3 2688 685 1706
1 440
1 3050
3 1 3938 1157
1 1024
1 4084
3 597 205 85
1 1965
3 1552 3757 428
1 3182
3 2238 3669 1220
1 3435
1 3229
3 3716 3149 1526
1 734
3 3900 3309 2759
1 474
3 274 2972 1389
3 56 1443 1353
3 1359 1899 2506
1 2604
1 3241
1 413
1 3835
1 2337
3 2563 1484 2182
3 3533 3140 859
3 668 1692 3992
3 3978 3754 356
1 1418
1 3704
1 1510
1 2998
3 919 2837 2508
1 2404
3 3905 3201 2419
3 3654 1363 1140
3 2519 2186 2259
1 450
1 103
1 300
3 650 3290 2290
3 826 1673 2433
3 2824 3296 1700
1 2987
3 969 2126 4072
3 387 662 3244
1 3275
1 1148
1 440
1 3892
3 3719 3101 3043
1 2876
1 171
1 3073
1 170
1 3284
1 1954
1 1129
1 3123
1 3603
1 639
3 220 2844 3261
3 26 2029 3880
3 2646 555 3246
3 600 1854 2236
1 2964
3 2976 2202 967
3 2719 1111 3468
3 1967 3904 2246
1 3302
3 3705 709 577
1 501
1 75
1 2818
1 913
1 1015
1 1094
1 2859
3 3853 2397 673
3 2317 226 2097
3 1203 1449 2999
3 3958 1704 3545
1 4050
1 3637
1 3487
1 1285
3 306 90 1487
3 464 19 2902
3 1889 977 216
3 1251 1507 153
3 3055 2606 2824
3 2940 1997 1286
3 1676 275 3548
1 1117
1 406
1 1303
3 2700 2437 749
1 1833
1 2865
3 3343 1501 1794
3 412 2488 3353
3 2419 1702 1141
3 4038 3458 3096
3 1661 3858 298
3 821 1532 3003
3 2891 1828 1838
1 2828
3 368 978 2161
3 294 1819 439
1 246
1 2611
1 3726
3 2924 931 2702
1 148
3 410 1776 1578
1 2885
3 3668 3422 766
3 2208 847 735
3 1454 1387 2678
1 1386
1 3274
1 1284
3 1221 3237 3963
3 285 3709 3759
1 2605
3 2377 345 2280
1 3921
3 2657 2636 1810
3 3524 3534 2332
1 854
3 2137 1232 462
3 2084 3652 255
3 1598 186 264
3 1884 1107 3755
1 1206
3 916 2220 3108
1 3120
1 3235
3 216 3384 3265
3 273 2316 802
1 229
1 2161
3 1976 1159 3628
3 2795 1189 3435
1 1593
1 2136
1 1935
1 3709
1 3517
1 3183
3 154 1296 2871
3 812 2964 1152
3 1872 2919 188
3 770 593 1430
3 1175 3684 935
1 3589
3 224 699 3514
1 1446
1 3311
3 1949 3663 3972
1 2131
3 2768 2943 729
1 1421
3 882 3418 477
1 333
3 1950 2452 2520
3 3387 3019 1932
1 2079
1 3889
3 3635 2595 976
1 2316
3 1752 1119 3856
1 3390
3 661 3568 1904
1 1694
1 1285
3 1531 2147 4096
3 1611 3002 3740
3 2772 2566 1425
3 477 3191 199
1 2045
1 1348
3 1758 4075 324
3 2666 3341 3258
1 3227
1 2830
3 733 1386 2825
3 1985 1554 46
1 1031
1 1499
1 453
3 2940 1530 1745
3 1589 1115 83
3 230 2040 1131
1 2103
1 564
1 3824
1 380
3 1493 2623 3686
3 3510 3128 2896
1 2964
1 3061
3 3282 3307 1045
3 3530 2625 2164
3 3001 924 2805
1 3157
3 3968 2335 1517
1 133
1 1847
3 580 697 2522
1 8
3 2777 3551 3451
1 816
3 2013 155 3453
3 3850 91 4068
3 2261 3767 2468
3 1292 1956 481
1 3627
1 3601
1 1354
3 1814 4083 3619
1 2555
3 2244 3156 2007
3 2878 2329 416
1 1073
3 1638 1466 3563
1 1917
3 2303 1078 566
3 2934 1643 2726
3 3785 2969 1172
1 2326
3 837 621 1457
3 749 3493 3411
3 1367 485 553
1 3232
1 2004
3 3155 2195 4020
1 1150
1 3803
3 1357 234 1149
1 3003
3 279 2529 2110
3 492 1298 1686
3 1952 772 3281
3 3808 972 1219
3 4069 3727 2062
3 637 2710 2454
1 3727
1 3909
1 1474
1 49
3 3919 3297 3106
3 3389 3093 3317
1 196
3 2284 466 2104
3 146 1180 3862
3 1137 778 1642
3 1022 1062 2687
3 1280 3133 3193
1 1556
1 3244
3 2119 2740 189
3 1459 1788 3064
3 2880 1444 2823
3 1372 4034 2542
1 4081
1 195
1 1237
1 966
1 2819
3 3728 1128 1195
3 1115 3436 310
3 2594 3608 676
3 2682 3272 2439
1 2291
1 1640
3 3698 49 603
1 3731
1 2498
3 214 3645 2209
1 1616
1 572
3 3634 4060 2261
3 2262 411 821
3 807 3762 1275
1 37
3 1455 113 894
1 184
3 747 860 1527
3 3260 2396 1043
1 2279
1 3277
3 3360 395 3988
3 597 1007 2890
3 2141 332 1585
3 3419 3622 665
3 1598 3247 1194
1 3727
1 221
1 2656
1 3358
1 3325
3 2142 1971 450
1 3470
3 4055 3969 3546
3 2816 1631 4003
1 2752
1 644
1 805
1 632
1 1382
3 2937 1965 340
3 1649 1916 845
1 2101
1 17
3 3310 1640 3123
1 2805
3 1562 12 3701
3 2 3592 2835
1 655
1 3084
3 424 2731 1460
1 2836
1 3259
3 2690 1047 2704
3 1976 541 1412
3 3614 3770 29
3 773 1955 3253
1 3344
3 2921 2968 3234
3 2870 1400 1564
3 2967 524 3700
1 2248
1 2806
1 3999
3 4039 2350 1795
1 1114
3 192 222 604
1 1112
1 576
1 911
3 3219 3970 432
1 2489
3 3923 52 1445
3 1175 1114 3465
3 3621 3816 2420
1 4002
1 1189
3 1149 1548 3712
1 877
1 3517
3 985 3095 2784
3 1911 3982 3967
1 3636
1 1031
1 3935
1 809
3 953 1763 1708
1 1188
1 1034
3 3982 3350 2920
3 2221 2675 3895
1 1064
3 1573 3365 251
3 2576 3136 2884
1 1072
3 2473 2797 512
1 888
1 3994
3 1868 243 1779
3 2953 2284 1493
1 1261
3 1583 1543 1835
1 1111
1 1524
1 1496
3 1975 2950 2249
3 2666 584 2923
1 791
1 844
3 59 2966 1964
3 730 2221 1580
1 155
1 2912
3 1950 2080 4014
1 1002
1 4048
3 378 846 1867
3 1181 857 557
3 3419 763 2033
3 982 1695 3635
1 2263
3 2087 3636 53
3 98 1371 3340
3 2710 378 2775
1 2895
3 323 3866 3869
3 1178 2907 386
3 581 3530 807
3 153 3125 2022
1 2171
1 3780
1 3433
3 359 3280 2562
1 949
3 1309 2453 3764
3 1803 925 602
1 2644
3 707 2732 1360
1 2954
1 3526
1 3403
3 294 2052 2612
3 743 279 2533
3 3698 529 4090
1 1745
1 635
1 267
1 1510
1 2027
1 2471
1 662
3 2812 3189 2996
3 2254 3206 1201
3 1294 2310 2881
1 2927
3 939 3750 1442
3 1658 104 2230
1 3277
1 3171
3 2824 194 3876
3 3872 585 165
1 1310
1 2776
1 1369
1 3443
3 1349 3044 2921
3 2866 1106 3897
1 1267
1 3822
1 1625
1 2337
1 941
1 2954
3 3787 2307 3466
1 3715
1 3104
1 3566
3 1018 3015 2339
3 3671 1863 2327
1 3597
1 3896
1 1087
3 2482 2715 3808
1 1060
1 3256
1 3577
3 3193 4087 141
1 3213
1 1111
1 54
1 3086
1 3955
3 3144 214 4055
1 3575
1 3279
1 3435
1 935
1 2433
3 2075 2292 1988
1 2900
1 2525
1 221
1 680
1 783
3 2182 1961 791
3 4038 1915 3918
3 1459 964 1683
1 227
3 2734 40 2806
3 660 511 2083
3 2175 2912 536
1 3239
1 2461
3 153 1439 3678
3 2626 3463 2555
1 151
3 2379 3173 3674
1 3623
3 2888 790 210
3 826 1450 3030
1 2436
1 24
1 1164
3 1241 221 936
1 1625
1 578
1 2171
1 968
1 831
3 2501 3504 2158
1 245
3 357 3868 149
1 3802
1 2550
3 447 985 2492
1 3835
1 822
1 1382
1 3952
1 635
1 1637
3 3848 3811 1053
1 3165
1 1932
3 1229 2954 888
3 696 2342 136
1 162
1 745
1 2095
1 1530
3 3282 2416 3045
3 2311 1084 2526
3 2748 2269 1874
3 3847 192 1067
1 3538
3 1367 2378 3352
3 1603 2101 2724
3 193 3601 3292
3 2 3170 3556
1 853
1 2079
1 1015
3 2953 3863 3312
3 874 2 2121
3 20 1674 3949
1 644
1 3553
1 168
3 3051 1920 2509
3 3787 991 3197
1 467
1 1395
3 174 3957 2741
3 2539 2619 2961
1 2956
3 3682 1488 3812
1 52
3 486 855 1864
1 70
3 2311 247 2324
1 1376
3 3681 215 1868
1 2373
1 2672
3 3936 596 1105
1 3991
1 3892
3 441 748 2383
1 1222
3 1373 2391 2177
3 1223 304 3185
1 3309
3 325 3996 1130
1 2721
3 2539 3085 1365
3 819 3892 3241
1 1640
3 522 2250 2640
1 278
3 1373 1847 3434
1 3117
1 572
1 2318
1 3354
1 3459
1 2001
3 2100 659 1075
1 732
3 1838 107 1476
1 3823
3 321 3151 1208
1 3024
3 3006 510 3437
3 3298 789 3848
1 2463
1 1332
1 2625
1 3281
1 1114
1 1196
3 3808 2279 1081
3 3906 3753 695
1 3753
3 2019 372 422
3 1717 3343 3905
3 1816 3377 966
1 3096
3 3728 3908 1897
1 1655
3 1820 1637 3403
1 2663
1 2047
1 2676
3 2756 1420 431
3 2891 1035 1947
1 1791
3 3696 3883 3286
3 1923 3666 3745
1 3120
1 3168
1 2503
3 963 285 253
1 3356
1 2865
1 1248
3 573 3643 1401
1 2554
1 3779
3 4022 3238 3007
3 3609 2205 909
3 4013 1356 1122
1 1971
1 3270
3 3310 2489 3225
1 3695
3 2633 1946 688
3 307 2457 2372
3 2400 703 926
3 1866 568 3939
3 744 2934 3519
1 1286
1 3710
3 4060 3390 3076
1 3881
1 3175
3 1441 3554 883
1 3779
1 3176
3 2897 2828 1922
1 2250
3 2533 97 2647
1 3646
3 2431 131 1620
3 3848 2098 1253
1 4021
1 625
3 1744 3644 3314
3 1580 4006 3322
3 35 1494 2536
3 4069 4071 1992
3 353 736 3794
1 1807
3 938 3837 3409
3 1907 768 463
3 46 3270 1876
3 2777 3374 2295
1 3616
3 3109 3607 507
3 2655 2409 2336
3 484 367 479
1 3664
1 3304
3 3149 3031 2162
3 1434 2157 1782
3 3055 2294 325
3 253 3441 171
3 2486 1414 382
1 1034
3 2789 2556 4036
3 3161 3371 360
1 3411
1 201
1 2825
1 4041
1 1164
3 1235 178 1197
1 3860
1 1894
3 1873 3271 1185
1 2919
3 2496 1427 4067
3 198 1433 1652
3 3245 2482 3985
3 6 3155 1511
3 718 812 44
3 4068 1324 2733
1 1595
3 1484 2380 721
1 3926
3 2690 3046 2154
3 2955 3087 518
1 1997
3 1743 1082 2237
1 2818
1 2510
1 1648
3 1579 880 1274
1 515
3 3660 1336 3429
3 771 1132 3348
1 2092
3 3790 2072 421
3 1570 799 1890
1 776
1 3190
3 2787 3023 292
3 892 1169 1644
3 3738 1410 1593
3 331 3446 733
1 2634
3 3634 3728 3698
3 3782 758 1178
3 1984 2627 3124
1 3483
1 3325
3 2041 1981 2382
3 3466 470 1455
3 2508 3485 664
1 978
1 1737
1 2901
3 3446 3011 2589
1 835
3 1918 172 2445
1 236
1 2598
3 2671 1057 2133
3 797 817 3338
3 1359 1960 3492
1 2858
3 2822 1029 2833
3 1168 3148 822
3 2339 318 1844
3 405 1013 956
1 2359
3 113 1503 850
3 3332 296 3233
1 1125
3 1490 2942 3474
1 727
3 2142 3575 3111
3 2251 698 1027
3 1029 1223 197
1 3030
3 2402 3583 1481
3 2041 2470 2777
3 3844 2550 2421
1 3658
1 2115
1 2998
3 3770 1862 229
1 3234
1 248
3 1667 1091 886
1 2160
3 417 3520 2122
1 1151
3 190 3198 915
3 3442 1687 3503
3 3887 2668 2692
1 1330
1 3563
3 3600 865 2995
1 3012
1 1657
1 2736
1 532
1 3017
1 1051
1 1040
3 1235 1250 2874
1 1461
3 3018 2014 1984
3 698 3567 3773
1 3692
1 1225
3 2633 792 1448
1 2216
3 310 3899 1870
1 100
1 2439
3 285 3425 3075
1 2368
1 1680
3 3758 2240 2512
1 3925
1 2605
3 3133 48 2239
1 2515
3 1092 2766 3321
3 2552 2244 2450
3 2870 2171 1015
3 56 2882 2735
3 1513 523 448
1 1189
3 2324 2346 2413
1 1057
3 2925 3166 4040
3 193 3921 4026
1 2424
3 2118 302 3146
1 67
3 459 987 2749
1 1970
3 2159 2712 1135
1 1073
3 3537 1205 1737
1 3113
1 583
1 3986
3 3087 1435 1799
1 1652
3 3828 407 2753
1 3824
1 1748
3 581 1399 2142
1 3234
1 586
3 3260 2288 1660
1 529
3 771 756 2367
1 2113
3 3548 3877 2869
3 2389 1969 3287
1 2149
1 2525
3 4019 1787 135
3 3673 3602 3214
1 1347
1 1912
3 160 2234 2719
3 3985 3838 1845
3 1795 934 1581
1 2758
3 3756 3778 1462
1 1522
1 227
1 2593
1 340
1 165
1 3157
3 1509 145 3420
3 2771 3254 938
3 273 233 2683
3 3801 2796 2090
1 1170
3 3115 2017 2664
1 3729
1 1125
3 1023 3157 2069
3 2415 1529 2736
3 3034 2168 3689
3 1802 866 2462
1 2024
1 3925
3 2728 4008 565
1 494
3 1312 3203 3404
1 3971
1 4064
1 2592
1 3309
3 2942 1428 3849
1 476
3 1995 3116 3164
1 3308
1 4
3 2691 1413 907
3 892 1398 3334
1 2991
1 3127
1 235
3 2191 2808 1562
3 2084 2009 1570
3 3285 836 3178
1 3999
1 2556
3 566 3088 3911
1 1444
1 261
3 3982 704 2093
3 250 2370 321
3 1176 3053 835
1 777
1 118
1 1958
3 3001 3933 2927
1 3926
1 1932
1 1768
3 3512 2073 2248
3 1240 2023 3927
3 1375 1409 642
3 1931 527 3813
1 3222
3 1471 3829 3491
3 470 803 68
1 2378
3 818 240 732
1 2120
1 2368
1 2974
3 2060 1765 1668
3 1032 874 3785
3 1084 246 1177
1 296
3 2837 1749 1066
3 98 2604 3952
3 1828 3373 3771
3 673 3564 713
3 89 1181 4066
1 3759
1 3123
3 1292 2349 1743
1 2383
1 3929
1 3522
1 1304
3 1157 2546 2192
3 96 2483 3832
1 2424
3 2470 4002 933
3 3938 3488 2141
3 2187 2979 3394
3 163 3196 343
1 883
1 1504
1 2534
1 3687
1 148
3 301 652 3364
1 195
1 257
1 1334
1 3076
1 400
1 1888
3 619 3923 441
3 2719 574 2514
3 3509 201 1385
1 1547
3 3545 2866 3518
1 3292
3 3524 1030 3130
1 2413
1 3536
1 2919
3 130 3212 2046
3 89 1221 2362
1 3117
1 3597
1 1403
3 1649 1629 2778
1 231
1 2278
3 62 50 3433
1 3451
3 2867 2229 3109
1 312
1 3932
3 2226 3955 824
3 1695 73 122
1 2685
1 928
1 824
3 2099 2728 174
3 284 2425 3708
1 1332
1 1961
3 3509 3544 1277
1 2056
3 2053 2997 556
1 498
1 485
1 4067
3 2059 1490 1018
1 643
1 1336
3 497 2354 4095
3 2159 2709 1600
1 1644
3 1836 2916 1908
3 879 2010 159
1 2461
1 3003
3 912 1691 3255
1 2561
1 3461
3 811 3048 3066
1 876
1 1304
3 3688 1167 82
3 1550 1483 274
3 3857 3122 1551
3 2375 3734 1659
3 2815 379 3100
3 3156 380 3792
3 996 885 3738
3 770 2883 287
1 3227
1 1791
1 1225
3 717 3973 3028
3 717 2924 2473
1 732
1 3404
1 2739
1 3551
3 3392 2456 3942
3 353 2223 3680
3 1859 1558 3569
1 1393
1 924
1 3949
1 3755
3 1638 227 1522
3 3191 364 2472
3 502 2598 187
1 4064
3 2087 783 2299
1 2917
3 1308 3006 3115
3 3485 1542 2315
1 1737
1 3499
3 1933 3648 2989
3 1924 993 559
3 1122 3531 3840
1 3272
3 3998 3114 1061
3 2288 3830 3469
3 252 2914 2411
1 2989
3 554 2523 2893
3 3941 1495 3387
1 3837
1 3353
1 2881
3 1712 3716 581
1 686
1 295
3 1692 3730 615
3 3360 1790 1818
1 1088
3 919 3662 89
1 787
1 2291
3 1407 1438 1118
3 2387 1347 3386
3 3992 469 1841
1 640
1 104
3 2700 2464 2937
1 1264
1 3678
3 1818 66 2064
1 949
3 4066 1498 403
3 1717 2867 3853
1 3623
3 1491 3355 1214
3 26 3102 3118
1 2845
1 1396
1 2849
1 728
1 1474
1 1927
3 2842 1291 1709
1 2439
3 1716 3494 2001
1 3567
3 72 134 3190
1 1784
1 2541
1 3664
1 3202
3 2064 3587 87
1 532
3 2478 500 3796
3 2182 2845 133
3 1603 3012 908
1 3955
1 3434
1 2578
1 2247
1 3881
1 3633
1 2729
3 1116 490 3605
3 2775 2854 2003
3 2959 4052 953
1 3767
3 2217 2593 2521
1 3457
3 386 710 2860
3 3058 1094 904
3 3240 2684 3410
1 2089
3 546 2169 2051
1 3946
3 2150 2876 3658
1 3956
1 1895
3 1259 1821 827
1 1060
3 131 2263 3448
1 2862
3 3132 3483 1393
3 1794 1097 2166
3 746 1755 245
3 1956 3417 3903
1 3425
3 1984 2782 2539
3 1826 2183 349
1 52
1 380
1 3086
3 116 2317 449
3 905 3657 437
3 2781 1213 2092
3 2450 1199 3332
3 1828 1238 1158
1 2629
1 2746
1 3183
1 629
3 1557 2561 3017
3 1346 3802 3120
1 2844
1 272
3 131 3961 1896
1 3497
3 963 3900 2013
1 254
3 3621 3041 1301
3 230 115 3964
3 2492 726 3357
3 2955 660 3366
1 312
1 1927
1 936
1 2300
1 3791
3 2064 2213 109
1 1204
3 2847 2119 132
1 1789
3 953 2637 2742
1 585
3 1302 3336 1369
1 1613
3 2015 262 60
1 1081
3 2614 3761 319
3 641 2068 2189
1 2235
1 3840
1 2693
1 1261
3 84 3445 1041
1 458
3 332 2788 1911
1 269
3 1309 1736 636
1 494
3 283 3855 1095
3 3801 658 1759
3 1364 600 779
1 3439
3 1541 2338 2049
3 3912 3455 3396
1 3889
3 3713 4081 1003
1 2613
1 1129
1 1992
1 3553
3 3688 3415 609
1 393
3 2731 3650 819
3 2059 3055 2390
3 2935 118 2760
1 1433
1 1673
3 1514 212 385
1 3145
1 2277
1 1895
3 779 2639 516
3 423 3780 3736
3 3456 3215 110
3 2655 1751 2252
3 2121 3427 249
3 1181 1853 902
3 2321 3901 3392
1 653
1 341
3 483 884 815
3 1483 3675 3783
3 365 544 213
3 2014 2190 277
3 2660 1688 2763
1 2285
3 2272 338 1634
3 2786 3898 2592
3 3479 103 1148
3 111 120 327
1 772
3 4028 3256 2348
3 3650 895 3860
1 360
3 3797 3634 3388
3 1951 1721 2847
1 2188
3 3391 3464 1209
3 2563 2682 2789
3 3795 1935 3175
1 640
3 1368 3319 2659
3 1892 1610 2621
1 3359
1 158
3 1773 2406 373
3 3600 1120 808
1 981
3 3609 2798 281
3 146 1949 307
3 3303 3649 295
3 4011 719 1546
1 458
1 692
3 3795 1768 3538
3 62 1126 693
3 3424 1879 2737
1 103
3 2606 587 144
1 1286
1 3272
3 1300 1986 814
1 1807
3 446 3195 1963
1 1110
3 2053 1042 3218
1 937
3 2207 119 183
3 255 992 2057
1 3353
1 1052
3 3219 3395 3263
3 2757 2838 1304
1 1433
3 2362 3565 2821
1 1477
1 2302
1 348
3 1172 2094 1739
3 1790 3051 4093
1 4081
1 50
3 1509 2980 722
1 574
3 2715 1150 3121
1 4044
3 1681 1909 2691
3 2609 505 2196
1 338
1 1917
1 3648
1 268
3 2382 1833 1812
1 3232
3 806 1200 2343
1 1532
1 2589
1 1117
1 3349
3 2187 2552 3797
1 3648
1 3929
1 3306
3 2015 1772 1187
1 3362
3 2546 3631 2059
3 638 1260 3363
3 2730 2689 1885
3 1753 1489 1028
3 1937 2145 1244
3 2781 2991 495
3 861 3760 3906
1 783
1 3516
3 2396 1134 2255
1 1671
3 3197 2485 1292
1 3111
1 485
1 1446
1 725
1 2663
3 3871 2718 1001
3 3109 2754 1155
1 2900
1 1152
1 742
1 667
3 707 3159 3152
3 3681 1161 1632
1 3024
3 3328 282 2353
1 3010
1 1254
1 3773
3 2681 352 651
3 3207 3016 3705
1 2721
1 3986
1 1107
1 304
3 3550 1037 508
3 1990 3181 2543
1 3385
3 1241 2814 3822
3 2474 2129 521
3 2362 769 2106
3 411 3623 1540
1 1437
1 236
1 4041
3 2286 79 1994
3 3604 3940 552
1 3451
1 3950
1 1107
3 2681 3489 784
3 2176 1287 3598
3 309 2055 1392
3 1358 2505 3232
1 576
3 779 2951 2743
3 260 2534 2643
3 471 694 3815
3 3004 2938 1378
1 1680
3 94 2793 2443
3 1252 2423 3790
3 829 890 1046
1 657
1 3717
1 2811
1 1812
1 2765
1 2489
1 831
1 1466
1 3171
3 1471 2904 1855
3 3853 1753 3819
3 1981 4018 2644
1 3463
3 1078 4035 2392
1 3908
3 2864 626 4054
1 3121
3 2682 2045 1894
3 3677 1978 2694
1 3409
1 1395
1 2417
1 3846
1 2458
3 1836 3049 2986
1 3531
3 2815 3216 526
3 2609 3438 176
3 2627 3089 1675
3 1178 3828 580
3 502 100 1331
3 1909 2857 4057
3 3660 3726 1098
1 734
3 814 3889 1211
1 960
1 678
3 142 944 173
1 2820
3 3365 2461 1927
3 2677 1567 2930
3 889 1395 333
1 3271
1 2488
3 25 2767 2471
1 3139
1 4026
3 3550 2568 1869
1 2115
3 2734 1212 1044
3 313 1645 1451
1 69
1 2028
1 261
3 3713 3717 334
3 1018 1995 1022
3 622 923 1822
3 279 16 170
3 3797 3143 2700
1 1629
3 461 1871 3187
3 3161 2656 742
1 1386
1 3922
3 3697 3743 3739
3 3452 2603 2582
3 2485 1541 2633
3 2112 4047 628
1 2366
3 3043 347 2231
3 1122 960 3542
1 1525
3 1058 3881 1267
1 2554
3 20 1958 1592
3 2533 786 2136
1 2028
3 3398 2427 708
1 2634
3 470 224 3609
1 3461
1 3185
3 1203 691 3945
3 870 3543 1147
3 2674 2321 1364
1 3186
1 1380
1 1185
1 1592
3 1023 1060 1248
1 295
3 862 1068 2936
3 137 3756 3600
1 2248
3 1514 3559 1662
1 3952
1 2073
1 2736
1 844
3 1721 3097 2531
1 3429
3 2924 263 444
1 2569
3 2099 1335 2207
1 3921
3 689 1832 2584
1 3281
1 200
3 1795 1163 161
3 598 997 513
1 1496
1 257
3 2234 3092 2124
3 4055 1174 2357
3 1069 3616 2554
3 1589 3207 2449
3 1676 696 484
1 1954
3 668 2665 1747
1 2061
3 2119 2713 2034
1 2503
3 4042 592 1040
3 405 988 2275
1 1529
1 1811
1 2417
1 2608
1 2814
1 2858
3 829 2393 4076
3 2782 207 286
3 3760 244 1791
3 2071 1025 2840
1 3896
1 64
3 426 2800 1574
1 2081
1 2570
3 998 1175 368
3 388 1872 2781
3 478 2519 3389
3 94 875 2102
3 1282 525 4092
3 2451 409 3625
1 240
1 488
1 2471
1 3522
3 3060 2620 1017
3 2058 3457 968
3 2660 957 3473
3 2935 3711 1429
1 4090
1 200
3 3782 2111 2891
3 1176 70 1446
1 592
1 4062
3 1662 2359 2948
3 891 58 1701
3 2014 1924 1479
3 2221 1056 2791
1 4
1 3497
3 2756 2557 2389
3 2382 3139 2747
1 3075
1 1619
3 3446 4048 3629
3 3850 605 2474
3 1199 1974 3086
3 2431 905 273
3 2485 1937 130
1 866
1 2778
3 3756 3638 3714
1 2613
1 866
3 817 3442 1411
1 2113
1 1634
1 2495
1 989
1 2752
3 542 1233 139
3 1209 1012 3194
3 46 929 3597
3 3821 2941 3300
3 1472 3135 1584
3 1747 1601 23
3 638 1182 162
3 2141 3018 637
1 114
1 1081
3 1075 2618 102
3 3859 3710 1690
1 854
3 2591 3818 2744
3 3937 2264 2642
3 2979 711 1573
3 3013 3668 3586
3 3020 1962 1341
3 3016 1537 3810
3 754 2654 2911
1 2521
3 712 1032 1999
3 1531 3091 1089
3 1358 1310 1698
3 1454 1941 3368
1 416
1 3346
3 1907 3721 1374
3 299 2973 3335
3 111 2879 1453
1 917
1 1177
3 1999 112 661
3 2847 35 829
1 1586
3 1161 1590 3928
3 1300 1050 2175
3 2519 2929 415
3 730 3998 3954
1 2749
3 801 1004 1100
3 3872 3516 2337
1 3073
3 1329 2398 878
3 2349 3137 2331
1 3358
3 2482 2834 2415
1 2905
3 3266 2333 3154
1 3225
3 159 483 1257
1 739
1 201
1 2359
3 449 38 705
1 3084
1 2647
3 1257 1998 2745
3 4019 1345 317
1 2364
3 545 17 1261
3 894 2376 517
1 3975
3 3859 265 2631
3 3677 1882 1366
3 2210 1705 3935
3 2327 2226 337
3 410 1101 760
1 2091
3 912 2060 1598
1 1418
1 1057
1 1151
1 2039
1 3532
3 2370 1319 258
3 247 3999 366
3 351 1491 2958
1 2830
3 2997 41 1531
3 1692 2306 3069
1 2061
1 2267
3 1632 43 3230
3 789 3462 1383
1 3629
3 3992 3588 270
3 590 678 1757
3 959 3056 3677
1 1561
3 2771 1873 1373
1 1133
1 2302
1 219
3 497 1036 1663
1 1467
3 3988 1907 3533
1 3400
1 3603
3 191 1738 2571
3 716 1989 2903
1 1355
1 2901
1 2625
3 277 2848 1006
1 3468
3 1665 65 8
1 3591
1 453
3 1043 3099 2963
1 2820
3 1749 942 1651
1 254
1 2300
1 585
1 2250
3 191 1218 2289
3 870 434 3062
3 1420 2215 1948
1 1628
3 1704 446 1597
1 400
1 1645
3 2272 1380 2717
3 1202 3259 2066
3 41 535 781
3 2155 1108 1693
3 3833 3235 3926
1 2838
1 2656
1 3390
1 65
1 536
3 1898 1496 1133
3 3169 2451 2768
1 2707
3 2321 3613 1579
1 2611
3 3967 871 980
3 83 1359 1459
1 2804
3 2007 2131 1087
1 1429
3 554 611 3907
3 3665 3381 3620
3 3330 242 720
3 661 617 801
3 2775 454 848
1 1094
1 1644
1 2608
1 4062
3 994 1801 1638
3 1783 1677 1711
3 331 1959 2407
3 598 1813 126
1 917
3 2878 3358 1024
3 3839 3527 2360
1 3053
1 1812
1 3717
1 2910
3 1419 1333 1468
1 3182
1 1648
3 885 1599 1110
3 1597 757 1239
3 1497 3059 727
3 1086 377 797
3 3635 4085 3005
1 1284
1 2829
3 3056 4025 2170
1 3412
3 385 954 1334
1 1152
1 810
3 2192 2816 677
1 2529
1 4033
1 932
3 198 3633 3842
1 1003
1 1044
1 2640
3 3328 1311 979
1 134
3 2294 2301 1162
1 1254
3 2557 30 2138
1 373
1 185
1 326
1 2031
1 1690
3 2240 2880 3058
3 3436 1299 2018
1 1348
1 3119
3 365 2155 1472
1 1445
3 1372 2253 1508
3 1229 3171 2611
1 2971
3 2290 1851 3896
1 1887
1 3011
3 4078 3654 622
3 3312 2579 647
3 1990 3008 3612
3 2350 93 2032
3 3107 2817 225
1 1201
3 1716 37 594
3 2583 114 2819
3 2396 88 2036
3 2808 315 2041
3 1434 3090 841
3 3665 2818 496
3 160 412 459
1 1126
1 1974
3 357 1850 2577
1 3557
1 3371
1 4071
3 2271 776 3585
3 116 870 716
3 1758 687 2012
3 1931 3209 11
1 960
1 1205
3 251 2120 3308
1 954
3 112 753 3696
3 659 3993 363
1 3386
1 4050
3 1027 3577 625
1 2404
3 29 196 646
3 1318 3168 2685
3 1704 3506 3282
1 1789
1 1958
1 419
1 2257
1 2640
3 1180 724 1269
3 2526 1807 3274
1 904
3 2151 2960 3160
1 206
3 2450 1933 1358
3 2889 1072 2974
3 1069 261 3825
3 2997 2365 1235
3 2969 106 4007
3 414 3824 2765
3 3862 962 1469
1 2918
1 40
1 1530
1 3136
1 2257
1 319
1 553
1 2881
1 4017
1 3344
1 3511
3 431 2843 1321
1 124
3 2050 830 2783
3 1901 2203 3460
1 436
1 610
1 1190
1 3725
1 872
1 952
1 67
3 1020 2856 1588
1 1833
3 2787 1729 2386
3 1959 989 2079
1 2146
1 2644
1 3019
1 2823
3 2728 4030 571
1 1520
1 3931
1 1619
3 1370 1865 3153
3 2715 918 3104
1 639
1 2910
1 2264
3 1318 851 381
1 2330
3 307 947 3472
3 3097 1714 489
1 3349
1 1519
3 637 3013 250
1 1403
3 2226 2570 1926
1 3822
3 2009 355 2564
3 3548 1193 5
3 3568 2076 425
1 2298
3 2290 2115 200
1 2133
3 3990 2218 1839
1 2330
3 1067 3000 1265
3 2397 1877 1404
3 2531 3590 2632
3 2262 3872 3833
3 1583 1326 2181
3 1981 1266 400
3 1667 3502 3200
1 667
3 3519 3180 2139
1 1467
1 1064
1 2212
1 3493
3 3847 715 2377
3 1526 2056 453
1 787
1 2805
3 1632 579 3065
1 2845
1 3908
3 2782 2661 1074
1 1293
1 158
1 341
3 2674 3260 573
3 3299 1731 999
3 84 3496 2455
1 2069
1 455
3 2000 3495 3744
3 1280 1931 3887
1 693
1 1849
3 2575 294 1090
1 3096
1 2849
3 1952 1504 3345
3 1490 405 2265
3 2118 1473 2109
1 168
3 2575 232 3398
1 3053
3 969 1938 2677
1 3589
1 877
1 2133
3 803 3268 1781
1 2066
3 3701 198 3236
3 3043 3749 1878
3 388 3844 2935
1 1797
3 3004 1697 2624
1 3580
1 1755
1 594
3 2486 3747 1903
3 21 3694 1906
1 3288
1 2143
1 3780
1 3127
1 2589
3 3643 2965 1276
3 563 1417 2394
3 3387 3284 644
3 1829 1144 2697
3 801 1008 2701
1 2676
1 3538
1 1690
3 2341 1973 3224
3 1447 2285 1002
1 946
3 1526 1725 3356
1 2802
1 2510
1 2193
3 1808 2563 650
1 2026
1 416
1 3125
3 1302 975 1052
3 14 2345 1216
3 2126 3953 3989
1 4084
1 1110
3 1691 3947 4027
3 2731 3722 2583
1 1211
1 3031
1 4086
3 3912 828 374
1 2216
3 3474 3454 1726
1 2096
1 2460
1 2642
1 989
3 2512 1058 1241
3 999 2518 1609
1 913
1 151
3 3240 2163 3831
1 509
1 3190
3 1892 237 2850
1 3233
3 4066 1452 2268
1 3386
3 3828 303 1279
1 2884
3 323 528 81
3 2606 1502 2540
3 2005 3226 634
3 1597 2085 2020
3 2928 1405 3724
3 3167 4022 598
1 1390
1 1887
3 605 1750 4088
3 3983 2366 3222
3 1834 3367 1288
3 3506 943 3339
1 3874
3 1313 1528 900
3 3488 1951 919
1 1331
1 1564
1 54
1 3933
1 3950
1 1112
1 816
1 1595
3 2111 299 798
3 2254 3311 509
3 2478 1723 1127
1 594
1 1451
3 2925 4037 1591
3 3143 2087 1557
3 1329 3432 433
3 3604 627 156
1 2518
1 3704
1 1406
3 3611 2849 3401
1 1177
1 3165
1 503
3 1923 775 1891
3 1947 2658 3323
3 1541 2297 2507
1 3554
3 3051 4000 1388
3 3593 1314 204
3 3614 3859 746
3 3295 1559 1696
1 599
3 113 3737 1733
1 1671
3 1511 1856 2722
3 3044 1789 1470
1 845
3 3184 858 1323
3 733 3555 2143
1 1875
1 2092
3 1085 3540 3177
1 1188
3 1308 3841 190
1 3842
3 1796 2211 3679
3 395 3424 492
1 3494
3 819 981 3277
1 1310
1 1519
3 3299 4028 1852
3 761 3144 3298
1 2804
3 3379 3843 3360
3 322 616 1337
3 3785 3936 2497
3 142 702 1930
1 695
3 977 3827 2549
1 1470
3 3034 3870 2134
3 1282 2130 1830
3 486 1583 1892
3 3255 1146 1426
3 1801 3010 180
1 1002
1 1915
1 3542
1 693
1 1520
1 3362
1 2488
1 3772
3 2058 300 3647
1 1916
1 3271
1 3340
3 4011 1569 1983
1 3715
1 950
3 385 2987 2578
1 4086
3 3983 734 2946
1 1038
3 2390 597 2005
1 3412
3 2137 3781 3639
1 2829
3 2419 3930 842
1 300
3 1996 3817 4038
1 3242
3 1661 3632 3324
1 1451
1 134
3 1863 1367 20
3 894 1596 3071
3 3155 3617 55
3 3863 4094 2827
1 592
1 1968
3 984 3105 2545
1 1628
1 70
3 1794 1210 3693
3 1368 2305 2516
3 3743 1842 3784
1 2329
3 3193 3372 1881
1 2406
3 2958 1568 2846
3 3376 3748 2490
3 3301 1560 2311
1 3441
3 3366 3318 2551
3 2553 3594 460
1 2199
3 1631 2655 984
3 2407 1170 3362
1 3241
1 2825
1 496
1 3413
3 1938 970 3026
1 3356
1 2177
3 1924 3865 1063
1 3799
3 746 3359 3910
3 1864 456 4004
1 3873
3 4059 1077 3301
1 3971
3 2945 3558 181
1 872
3 4052 3610 3888
1 1406
3 1020 623 2590
3 2317 3228 3038
3 2303 3184 1434
3 2481 447 654
3 2757 3925 1520
3 1901 2931 1440
3 12 2484 423
3 2464 4062 2277
3 3990 3789 3769
3 2192 761 879
1 2518
1 2440
1 4044
3 3159 3497 2693
1 1206
3 426 2898 3864
3 3266 147 897
1 155
3 1868 1145 1679
3 2126 3599 2274
1 3946
1 3487
1 1024
1 3736
3 1921 2635 3951
1 2366
3 1500 3882 1939
3 1221 2975 3333
3 59 3582 3370
1 180
1 2447
1 3840
1 2380
3 1431 561 1229
3 1050 1657 1563
1 2110
1 3933
1 1384
1 3647
3 3293 2503 3723
3 2050 1171 2381
1 802
1 2462
3 1078 1083 666
3 1967 550 2716
1 3585
1 3678
1 3261
3 2224 1670 452
3 1838 1184 2352
3 1411 1734 1278
3 1539 564 2998
1 1851
1 2643
3 213 2438 1263
1 1128
3 1934 3361 543
3 2795 1073 2027
3 624 3573 1703
3 447 624 26
1 2429
3 1977 1990 2785
1 755
3 2375 330 4089
1 467
3 811 397 166
3 1479 2600 2225
3 395 2681 309
3 1481 737 1080
1 3213
1 2440
3 3838 2460 4049
3 2766 2363 218
3 1370 1005 86
3 3804 1843 4001
1 3076
3 4072 2696 2256
1 2885
3 1753 2628 683
3 2484 175 3986
3 1612 533 217
3 1712 619 1985
3 1027 549 269
3 1335 2906 4043
1 2299
3 215 3525 1571
1 231
1 3103
1 2767
3 2007 3213 755
1 3585
1 1195
1 975
1 3802
3 817 3593 2475
3 1121 3971 3994
1 501
1 188
3 2377 3 1982
1 3494
3 1986 952 2291
1 39
3 893 1352 3406
3 2191 3245 424
1 2603
1 3874
1 2164
1 1997
3 1500 700 3131
3 2339 3484 3294
1 3148
1 3145
3 3398 2780 2401
3 359 986 4046
3 481 3535 2293
1 3759
1 348
1 3125
1 2027
1 1768
1 366
3 3044 3242 3805
1 3898
1 911
3 654 2238 2208
3 3537 582 1467
3 605 391 3072
3 250 563 2159
1 1169
1 1424
1 24
3 2842 3642 2560
3 664 1416 1618
3 2210 4064 95
3 1898 3127 805
1 2024
1 3761
3 190 2764 2185
3 716 762 390
3 4042 1396 2212
1 3470
3 916 1678 922
3 2959 362 396
1 3649
1 100
3 1666 1471 3673
3 2296 679 2641
3 464 1245 2875
3 2897 1293 4
1 1396
1 3499
3 862 1192 2214
3 556 2075 3510
3 2501 1793 3188
1 209
1 3288
1 1038
3 2686 3315 339
1 2699
3 2238 3651 1165
3 1349 892 2210
1 1572
1 941
3 1360 3112 2091
1 406
3 3937 2588 2663
3 1479 670 2276
1 326
3 806 1805 2446
3 1904 3273 921
3 3285 1173 898
1 1797
3 384 840 3025
1 3381
3 2710 359 747
1 1087
1 3772
1 3820
3 1493 601 2030
1 2178
1 2521
3 984 1715 4024
3 2042 2340 514
3 1441 3113 1254
1 2279
1 822
1 3792
1 4018
1 3443
1 3762
3 2009 266 1732
1 3633
3 3040 3966 1724
1 3820
1 4033
3 3901 3172 45
1 34
1 3413
3 2013 740 629
1 1169
3 3028 3475 3430
3 2817 440 54
1 2346
1 2887
3 945 3162 1423
1 3121
3 1226 2908 4079
1 1586
3 3479 3803 3275
1 3363
3 216 28 150
1 104
3 2803 1718 2219
1 2604
1 3404
3 2708 2031 2493
3 1796 1486 618
1 2096
3 174 1327 2899
3 3770 2599 3262
1 2358
1 692
1 1926
1 1540
3 2695 2495 1888
1 3383
3 137 945 3266
1 3011
3 2937 572 3932
3 3631 1594 3276
1 3657
3 2730 774 1925
1 3345
3 985 420 1234
1 1488
3 2945 1243 465
3 414 2404 1613
1 1563
3 2594 1756 2328
1 16
1 2760
1 53
3 3696 910 1485
1 1410
3 2785 2886 675
1 739
3 2552 3614 707
1 3340
3 2983 3576 2356
3 2481 1550 1979
3 1658 1437 2971
3 1660 3774 1621
3 1085 1033 1351
1 2792
1 3334
1 404
1 3842
1 3516
3 1884 648 3182
1 1915
1 1547
3 362 1910 336
3 3321 3917 3423
3 2294 2547 2537
3 2497 1054 3528
3 2449 1203 2479
1 3544
3 1399 209 635
3 232 1010 179
3 3009 206 1303
1 929
1 393
3 2388 3615 468
3 2370 4073 2016
1 3860
3 15 2648 1967
1 3731
3 2313 645 889
1 1427
3 803 1929 2344
3 758 2945 3020
1 1876
1 1266
3 2817 1384 838
1 1277
1 13
3 1086 1717 3857
1 495
3 3530 291 2096
1 1755
1 2468
1 632
3 2889 2634 2865
3 1752 3431 2323
1 3292
1 2278
3 3701 1820 2576
3 556 893 1814
3 3887 3995 3807
3 1422 3703 606
1 3987
1 1466
3 544 2197 682
3 821 2447 2260
1 2120
1 805
1 3935
3 461 2043 3706
1 3352
1 3176
3 1259 1228 1893
3 3036 1875 3627
3 3732 2680 545
3 1979 1682 1544
1 246
1 1599
3 1585 3681 3167
3 362 823 1103
1 3684
3 1090 1297 3264
3 2583 1338 4084
1 3692
3 1067 376 1231
1 2235
3 1391 1415 630
3 2812 1900 649
3 2768 472 1247
1 1616
3 418 2442 2670
1 2792
3 3967 1713 3326
3 2307 1280 717
3 2670 2617 2962
1 3723
3 998 1318 502
1 69
1 2828
3 3207 142 939
3 3424 804 3718
1 3235
3 213 3080 1227
3 2648 1379 794
3 1513 1515 1565
3 1979 1538 1866
3 530 3786 2116
1 2310
3 4068 3661 1545
3 1032 146 3697
1 50
1 2263
1 187
3 2459 3408 995
1 3279
3 2266 1976 14
3 2680 725 235
1 1445
1 1237
1 582
3 2680 3354 854
1 3148
1 1876
1 1052
1 3175
1 3359
1 3168
1 1694
1 276
1 488
3 1860 1861 10
1 1295
3 1401 930 2283
3 2708 2792 2103
1 1275
3 712 3782 2053
3 1391 3500 2180
3 2558 2748 471
3 2423 3521 36
3 1552 1186 3574
1 404
1 1673
1 608
1 1051
3 1483 899 2361
1 908
1 3393
3 1594 3604 2019
1 2177
3 855 3320 3561
3 2042 2581 3924
1 3636
1 3812
1 1190
1 3961
1 2103
3 3814 1886 1905
3 2459 1669 3179
1 3334
3 3758 2771 1980
1 2468
1 3354
3 2172 1497 3303
1 3729
3 800 1712 1808
1 496
1 3393
3 2614 941 1970
3 483 2412 350
3 2265 3571 346
1 625
1 1919
3 83 2501 2486
1 2348
3 2546 2674 2481
1 748
3 1026 3375 101
1 498
3 814 2113 2436
3 2397 3478 1771
3 3593 701 1506
3 645 578 3459
3 3506 320 1138
1 503
1 3683
3 1721 1512 1859
1 1195
1 2819
1 1780
3 1814 3775 504
1 2162
3 1084 3779 1196
1 2610
1 1613
3 3338 684 301
1 2814
3 2626 272 613
3 617 3578 3562
3 247 2804 1051
3 2591 1707 3110
3 1137 843 1848
3 3060 1464 2082
3 3057 3861 537
3 3884 3912 3919
1 3306
3 2645 2081 3229
1 2164
1 2299
1 3222
1 2188
3 3122 2928 357
1 1213
3 939 1774 1290
1 4036
3 1921 520 2304
3 2100 3456 1137
3 3843 2959 4078
3 2296 3416 2426
3 3290 140 455
3 2983 3291 3641
3 3301 3839 3941
3 3169 322 2015
1 1148
3 132 1249 2638
3 996 3132 1792
3 1852 1780 1912
1 2131
3 743 2786 1482
3 999 739 532
1 971
3 2327 2626 1346
1 4017
1 2435
1 1439
3 3671 2262 743
1 1371
3 3276 2812 2864
3 2479 3659 1945
1 3825
3 1523 436 3061
3 1801 3346 195
1 3400
1 3374
1 1664
1 162
1 1770
1 1664
1 3308
3 3923 2569 3950
3 3122 1699 2842
3 309 177 3378
3 66 3243 3490
1 373
1 1698
1 2091
1 599
1 1044
1 1330
3 2688 1902 2355
1 3411
1 1875
3 1262 414 3826
1 97
1 582
3 3149 3683 2028
1 3383
3 2650 1436 2441
1 4036
1 248
3 1834 1825 1317
1 932
1 662
1 1629
3 3006 2750 1719
1 1705
3 2474 3979 3507
1 2047
3 2402 1282 461
3 2464 3580 1112
1 4029
1 2380
1 1336
3 1863 1023 1302
3 2558 1860 669
1 2944
3 1866 3138 2630
3 1066 1516 795
3 3376 4091 4058
1 2146
3 3826 2440 3211
1 987
1 586
1 608
1 408
1 3647
3 1744 832 3920
3 3826 1519 599
1 3918
3 2067 2720 1394
3 310 2679 3974
3 2206 1611 3871
1 3773
3 3389 2123 2054
3 2928 1957 2156
1 2160
1 2836
3 3998 2548 2184
1 3336
3 1090 3094 825
3 3613 2228 4032
3 2155 3421 3249
1 929
3 2866 3691 1623
3 3303 419 1823
3 15 3550 2815
3 1270 2191 800
1 1897
1 2599
3 3843 2303 486
1 2277
1 95
1 4002
1 2698
3 35 2369 3405
1 3206
1 1170
3 1803 868 2282
3 3871 3250 2601
1 3409
3 2176 1777 2711
1 3203
3 2839 208 4021
3 2229 2351 1730
3 234 2371 983
1 1811
3 1077 996 1349
1 772
1 40
3 2400 3777 914
1 334
1 1390
1 2405
3 378 78 558
1 3577
3 1620 3715 2939
3 337 1164 1474
1 1572
1 1609
3 3480 3380 2127
1 1427
3 2271 728 248
1 3922
3 396 430 2863
1 208
1 4067
3 220 1295 393
1 3898
1 809
1 18
3 1620 2149 1628
3 4078 3330 3240
3 96 1009 614
3 1951 365 2100
3 3464 2585 2078
3 396 4065 3685
3 1560 2897 25
1 3203
3 1050 3393 3117
3 669 873 1824
3 1294 2318 2887
1 3037
3 3480 1636 280
1 3683
1 1831
1 4090
3 2839 3929 2298
3 2877 2144 1602
1 3274
1 3459
3 2190 1614 3944
3 1573 72 590
1 3377
1 276
1 1916
1 3059
1 2124
1 240
1 851
3 260 3325 2498
1 202
3 761 1889 6
1 1652
1 895
1 80
3 563 3070 3854
3 2627 167 3572
3 212 2095 2859
1 1504
3 3954 1913 903
3 3236 18 1887
1 319
1 3566
1 2974
3 2067 741 2662
1 3206
3 3298 59 2478
3 199 595 3902
1 3092
1 574
1 3932
3 617 2981 3579
1 1532
1 2629
3 1937 3890 3836
1 3259
3 3338 1744 1370
3 4056 1014 1603
1 2066
3 308 1942 2597
3 418 3524 2738
1 3468
3 891 3397 2532
1 888
1 3498
1 2683
3 2785 1654 4070
3 3456 71 813
3 4061 3039 1350
1 937
3 2360 67 3383
1 786
1 2631
3 1731 1572 2729
3 882 1252 4039
1 2647
1 3910
3 1157 3379 1086
3 1550 252 1901
3 441 4050 348
3 3392 2774 2952
1 17
3 3518 2287 2128
1 3987
3 2179 2326 3227
3 1949 2243 3977
3 1482 3731 1954
3 1124 1918 1513
1 4048
3 1918 487 3027
3 1312 503 3461
1 3658
1 118
1 1450
1 2746
1 16
3 3839 3983 3009
1 3591
1 1266
3 2442 2527 1533
1 975
1 1488
3 3705 3204 1272
1 2971
3 660 3210 3329
1 1725
1 3239
1 3448
3 1682 2769 3997
1 3910
1 2759
3 2526 39 219
1 3346
1 2247
1 1444
1326
2572
1521
1328
1062
389
2718
2585
1856
524
858
1428
3786
1416
3395
3495
3431
3151
129
372
2410
1184
535
961
2076
860
2072
3940
88
282
1827
3930
3899
1764
601
125
2215
2779
1297
881
3750
1689
226
2706
2202
3280
430
710
3816
3093
3367
4006
3747
3858
3088
3564
71
3114
523
2637
3008
3415
1987
167
2544
3080
690
3861
2017
3571
620
3135
3592
724
1243
3181
738
482
974
3421
1167
2430
3251
3475
2931
375
1082
944
1865
3471
519
1363
616
820
3778
4010
3243
3220
3855
1710
0 0
