4096 100
1 2828
1 2149
1 649
3 1479 730 1099
3 1836 2513 970
1 777
3 1791 1738 3566
1 3980
1 476
3 1319 350 3377
1 3989
1 489
1 1604
1 169
1 2662
3 313 1974 2542
3 3396 1076 662
1 2509
3 3766 1674 3649
3 2972 3587 512
3 3975 974 3134
1 1865
3 759 1181 1148
1 1853
1 2029
1 2860
3 793 2656 1379
1 3480
1 2253
3 705 3634 2565
1 3857
3 3688 3359 917
3 1900 2085 3389
1 4023
3 3067 2225 927
1 1942
3 702 2663 1811
3 972 870 1408
1 3114
1 939
1 1232
3 3473 338 2903
3 2339 3205 3357
3 312 378 1597
3 883 459 1074
3 2277 1087 108
1 2441
1 3038
3 632 2917 3110
1 2988
3 1682 2745 96
1 2881
1 1527
3 1474 2469 2161
3 4039 1785 752
1 524
3 2848 1046 1952
1 2412
3 1945 3798 2495
1 854
3 3747 2636 896
1 1478
3 2249 341 2047
1 811
1 2157
1 1407
3 2343 2734 1577
1 882
1 2871
3 3997 3025 3108
3 3740 3861 591
1 1912
3 3441 3735 565
3 1907 618 3153
3 339 1367 3430
1 1225
1 341
1 1023
1 3222
3 2805 1982 2347
3 1373 670 1921
1 3111
3 1754 472 3376
3 1073 956 1916
3 526 646 1349
1 851
1 2247
3 929 147 683
1 2183
1 533
1 95
3 822 2312 435
1 1762
3 2966 2953 2341
3 1772 91 588
3 51 716 649
3 3457 1889 3913
3 2645 2403 328
1 1485
3 1677 1194 3250
3 1815 1422 3452
3 2776 1360 1062
1 2651
1 683
3 2044 3834 1304
1 1276
1 1255
1 46
1 3915
1 1614
3 3000 3947 247
3 1920 1316 3308
1 1300
3 3814 2958 880
1 1929
1 2384
1 3881
1 770
3 2967 2096 3356
1 3251
3 1914 3297 1514
1 3329
3 689 3149 3593
1 1663
1 224
3 3045 1414 1560
1 3173
3 2192 418 1994
3 652 3293 795
1 2398
3 1983 3579 2449
1 1478
1 3939
3 1319 3387 2044
1 2190
3 1369 865 3715
1 2239
1 1300
3 2323 771 2234
1 2350
3 3313 1836 2008
3 3008 1688 2916
1 4084
1 2854
3 694 3294 2073
1 2422
3 88 1724 2608
3 4085 2528 2441
3 4003 1418 408
3 2030 678 559
1 3850
3 3544 155 2144
3 1735 2976 2610
3 2025 1906 3806
3 152 1830 2098
1 1867
1 625
3 2337 3355 2693
1 427
1 3613
1 3702
3 1699 1877 213
1 3676
3 1658 731 3526
3 2475 2446 1769
1 2004
1 441
1 3851
3 2483 3565 14
1 932
1 1929
1 3946
1 3354
3 2479 448 2556
1 960
3 3473 309 792
3 3273 1763 3830
3 1423 1054 1450
1 3613
3 1895 2158 3210
3 3085 3900 804
3 2876 3729 2319
1 434
1 1492
1 3152
3 3164 652 3220
3 1904 2288 1983
1 3256
1 1310
3 930 1918 3426
1 2039
3 3645 3431 3147
3 2324 3458 2303
1 1579
3 1906 293 3588
1 3243
1 3461
1 2149
1 2250
3 756 2107 2405
1 3355
3 3659 3941 1337
1 1224
1 2271
3 3622 3758 3656
1 2799
3 3579 2017 2611
1 1379
1 4027
1 1949
1 2896
1 280
1 162
3 4088 3086 2149
1 663
1 3144
1 2072
1 820
3 2182 3318 2170
1 2295
3 2129 1399 1417
1 2304
1 2568
3 3420 125 721
1 1046
1 562
1 3170
1 2211
1 2840
3 1406 1220 1049
3 1505 1267 455
1 2801
3 3718 1499 1519
1 2986
3 3943 3881 1588
1 3885
3 3843 2878 2478
3 1872 3877 520
1 934
3 1412 1475 959
3 3090 1161 1996
1 1834
1 357
1 1707
3 2758 1312 1051
1 2528
3 111 1808 3420
1 595
3 3776 2032 3438
1 931
3 800 2168 3782
3 1640 658 997
3 1138 3520 4080
3 3864 796 3208
3 3310 3372 1653
1 626
3 1284 1485 2858
1 2017
3 508 1253 1661
3 522 1478 2657
3 1464 2437 3725
3 825 1876 4070
1 284
3 1538 2432 3585
1 448
3 1422 915 3401
3 2279 478 3289
3 2166 868 1656
1 2726
3 906 2309 3167
3 3976 2222 3068
3 1701 474 1775
3 1883 756 1345
3 3843 1821 442
1 3153
1 1178
3 2603 2227 3157
3 487 3276 2974
1 308
3 801 4052 212
1 3875
1 2522
3 1733 2996 1464
3 3457 1488 263
3 2169 288 3501
1 3802
3 3789 1146 1332
1 285
1 2118
3 3695 1283 2269
1 1527
3 3741 1743 1802
3 195 1542 1366
1 1285
3 3889 540 615
1 1845
1 600
3 1275 2362 1732
3 4008 354 1231
1 3271
3 2734 3760 1748
1 2232
1 2047
1 3726
1 2579
3 2547 2369 806
3 3648 2862 2440
3 3210 279 2911
1 176
3 3674 3874 1151
3 3902 2138 2651
3 2554 2518 44
3 3311 16 3653
1 2188
1 2742
1 4072
3 2849 876 1291
1 2285
3 508 1258 1262
1 2693
3 3104 2750 2111
1 1407
3 2134 790 602
1 798
3 1419 811 3887
1 3194
3 724 3535 1085
1 98
1 1637
3 511 3347 787
1 1564
1 2443
1 4014
1 745
3 2552 3148 794
1 4062
1 869
1 42
3 3517 2157 75
1 3472
3 63 3189 77
3 1930 4023 736
3 439 2987 2182
1 2211
1 1375
3 3599 2696 634
1 407
1 2085
3 1938 608 3202
3 10 3089 2566
1 740
1 1375
3 3893 703 637
1 299
3 3081 2984 2733
1 2200
3 2833 243 2652
3 2281 1024 2390
1 2268
1 1001
1 1171
3 2599 2026 2832
1 2072
1 722
1 2407
3 705 1792 1569
3 1061 1744 1972
3 3281 535 3249
3 1832 409 3911
3 2760 3275 2606
3 1403 2848 712
1 548
1 842
1 1198
1 2175
1 3566
1 599
1 44
3 610 3624 3142
1 540
1 3679
1 2110
1 1521
1 570
3 3968 1460 2633
1 3990
3 388 2325 4009
3 2107 387 2866
3 1695 2114 2653
3 1006 2498 2625
1 2520
1 3494
3 1836 1368 2592
1 3588
1 1921
3 1188 1406 3067
1 2711
3 2467 2941 1822
3 1712 3323 2142
1 857
3 1386 767 1481
3 2488 3617 2575
3 3606 1290 708
1 3726
1 1055
1 752
3 1180 347 1571
3 149 1137 1130
3 369 2859 1621
1 3274
1 2863
3 1862 1503 2768
1 3888
3 1140 3463 3369
1 1508
1 2698
1 1158
3 128 2367 514
3 3326 2531 2898
1 2780
1 1115
1 489
3 1699 928 1513
1 1118
3 3722 3592 2549
3 656 2489 3809
3 984 159 3524
1 1776
3 3982 1741 2763
1 2041
3 3021 2742 739
1 2287
1 1010
3 1190 3800 183
1 92
1 1164
1 3597
1 3824
3 3541 1257 343
1 2002
3 3410 167 781
3 274 2118 869
1 470
3 676 1561 2662
3 874 2363 3077
3 1959 1190 1609
1 3647
3 174 265 1662
1 1718
3 1364 1628 3577
3 1841 1589 1899
1 964
3 3947 2568 968
3 2176 2484 770
3 231 3207 1518
3 1489 923 1872
1 669
3 1984 3052 2957
1 45
1 3179
3 3499 3365 548
3 1200 3780 3234
1 3018
1 3748
1 3898
3 1559 1590 886
1 2501
1 3925
1 3887
3 724 443 1144
3 2077 1795 1072
1 83
1 3592
1 272
3 4093 2774 1334
3 530 9 643
1 3830
1 267
3 681 1572 1250
1 625
1 3552
3 1528 2339 3483
1 1400
3 3310 1251 2931
1 3213
3 1398 2274 1361
3 1814 2998 278
1 3978
3 3162 422 12
1 1347
3 4011 3212 2293
3 3030 1371 3642
3 3639 2241 969
1 3316
3 790 2353 2525
3 2743 867 3497
1 3187
3 3323 2755 1479
3 2125 1950 1923
3 3412 797 2448
3 1533 1064 3510
1 2792
1 1738
3 1043 3301 1755
3 3092 2268 3888
3 2900 2179 2126
3 863 2705 2675
3 2566 319 259
3 3649 1659 1620
1 3990
3 1943 330 1980
1 20
1 1066
1 418
3 2788 3637 1987
3 3577 2701 1007
1 2304
1 3299
1 2147
1 238
3 1740 2630 3817
3 2547 645 260
1 2651
3 2332 56 590
3 2180 1274 2582
3 3872 3820 85
3 3680 3564 3752
1 1510
1 3020
3 1893 476 3552
3 3794 1888 2842
1 2050
3 1361 2923 90
1 1752
3 368 4007 3867
1 2098
3 1537 1145 660
1 1285
3 2761 2536 1679
3 295 1466 380
3 1007 858 2924
3 825 3324 3895
3 2540 2196 596
3 1898 748 672
1 882
1 1638
3 2478 3950 3492
3 461 372 3041
3 2596 3335 1747
3 1910 2624 2893
3 2134 3903 2117
1 3937
1 2627
3 3395 1294 2243
3 1060 3429 3826
3 3348 2060 1040
1 2132
1 1350
1 150
3 4093 3665 2815
1 2790
3 2803 2921 226
1 3026
1 3657
1 73
1 3514
3 2527 3229 3171
1 4022
3 3003 3364 2751
3 800 1848 384
1 819
1 4014
3 2358 3026 3702
3 4034 3997 2435
3 3573 1691 3242
1 1604
3 1628 1092 1270
3 3471 3633 1623
1 2091
1 3114
1 4026
1 768
1 3019
3 4038 3906 938
1 875
1 3026
1 2267
1 95
1 2085
1 524
1 71
3 1751 2201 853
3 1402 2031 2593
3 3833 2006 2177
3 1594 614 248
1 543
3 3420 1813 3785
1 2147
3 2635 1669 377
3 3496 2595 297
1 2545
3 323 2014 2012
1 2520
3 1645 688 2046
1 1321
3 858 1199 1038
3 2626 2897 1228
1 349
1 2460
3 3798 4067 379
3 1761 1736 3095
1 1016
1 1193
1 595
3 295 1129 4005
1 2124
3 2259 1967 866
3 74 3130 3828
3 2940 2379 3057
1 3156
1 1222
1 1780
1 3302
1 961
3 3612 480 157
3 2450 1962 256
1 2998
3 3555 3163 3745
1 3812
1 1277
1 1132
3 3094 1914 49
1 4021
3 346 3064 877
1 3443
1 3141
1 353
3 1454 2970 2413
1 3341
3 3548 1469 3767
1 1599
1 827
1 476
3 2364 3206 1686
3 522 961 1897
3 85 2409 1268
1 868
1 2912
3 96 3246 3
1 2239
3 1189 3024 3620
3 186 129 2364
3 2475 3771 1387
1 841
1 1568
3 1885 2739 426
1 1918
3 252 3412 701
3 3059 3775 3136
1 537
3 790 3296 2021
1 17
3 1167 215 2185
1 3055
1 1996
1 1661
1 3208
3 3892 3753 3467
3 1720 457 1602
3 81 3440 3279
1 3955
3 544 2372 1837
3 2581 911 2840
1 3946
3 815 3614 2463
3 2914 3286 444
3 746 1363 1664
1 150
1 1124
3 3599 2384 2695
3 3073 1676 479
3 3275 2540 1671
3 88 3465 104
3 715 2889 2156
1 1844
1 2067
3 1891 3791 1890
1 604
3 1355 123 3469
3 3286 2666 2991
1 2264
1 2497
3 3952 1122 2634
3 855 3648 145
1 3374
1 1588
1 3563
3 3435 2146 2793
1 1399
3 1778 1044 3085
3 658 3419 768
3 1893 37 2391
1 353
1 4015
3 3685 366 30
1 3589
3 2559 3361 2433
1 403
1 894
1 1730
1 1181
3 371 2819 3417
1 3086
3 3468 2411 2171
3 3313 2747 684
3 96 1925 2095
3 2424 2058 3072
3 1523 1824 1798
3 3678 3081 3683
3 1421 1895 3770
1 224
3 4060 364 1014
3 1457 3078 3219
3 1265 470 327
3 1479 3706 1649
3 3339 2888 2638
3 2701 2193 2972
1 964
1 1119
3 4 3262 3533
3 164 2351 1758
3 3110 2796 1013
3 2374 3671 1150
1 820
1 2351
3 342 2622 2301
1 2202
1 3368
3 431 810 1933
3 2644 351 1346
1 2688
3 966 2053 2784
1 2684
1 3979
3 2836 3554 334
3 3150 677 3088
3 3740 3652 3930
3 544 1696 4031
3 4024 2410 937
1 3632
1 2658
3 55 406 3641
1 3257
3 1233 3687 3846
1 1424
3 273 200 2905
3 3394 1689 764
3 2336 2493 3578
3 3952 3489 23
1 2447
3 3757 1857 2503
3 3900 1937 1599
1 2386
1 757
3 2151 3712 3871
3 1007 972 2849
3 401 3603 1985
3 701 1840 582
3 3460 1583 1326
3 454 1292 118
1 139
1 3262
3 1950 2569 2720
1 2773
1 2064
1 3875
3 2042 2173 6
3 1279 862 3194
3 2336 1525 1041
1 3967
1 441
3 2182 1563 3345
3 1553 1880 2724
3 3806 1947 1303
3 1938 2629 2834
1 3702
3 330 1398 1489
3 1364 2818 976
3 978 1629 2685
3 323 495 661
1 2959
1 176
3 1832 2036 27
3 335 1896 1655
3 129 1372 1116
3 254 926 3226
1 500
3 1862 324 2123
1 3432
3 3181 570 251
3 2045 3967 280
1 1573
3 2853 3368 1059
3 181 3267 1216
1 826
3 306 1115 3144
3 1176 2423 2279
3 1081 4004 3854
3 2435 2456 1606
1 739
3 325 2964 64
3 1429 2226 2147
3 1677 1082 3919
1 1434
3 2846 675 4013
1 1119
1 1148
1 1763
3 1436 571 941
3 4048 734 218
1 2407
3 3092 2922 92
3 2828 3951 1818
1 3249
3 1706 262 542
3 3120 3916 805
3 2325 642 2289
3 1539 1787 3511
3 2374 2326 2586
1 1141
1 3384
3 1094 2199 3992
3 3639 2626 3106
1 3111
3 2005 1136 1397
1 1949
1 2055
1 2656
1 2120
3 3452 3143 1027
3 3896 654 1035
3 3174 373 3320
1 3293
3 2487 2861 3623
3 1904 1677 3223
1 2854
1 986
1 3385
1 1766
3 2957 3183 2918
3 1731 86 2000
1 2618
1 592
3 3741 3031 60
3 1902 694 2552
3 3706 2551 1381
3 2935 400 1028
3 541 606 987
1 2043
1 2118
1 3701
3 778 2689 2673
3 1316 507 3016
3 2521 3009 3263
1 136
1 617
1 496
3 268 3807 647
3 442 337 2038
1 38
3 1821 2210 2605
3 2052 3022 3727
1 2498
3 2061 445 3540
3 1923 585 2677
1 317
1 634
1 1996
1 2397
1 114
3 3756 3053 894
3 1941 545 68
3 2128 45 2725
1 2589
1 1947
3 466 1323 1632
3 2495 3448 2240
1 1615
1 2607
1 2925
3 3858 3765 1866
1 1497
1 1228
3 881 709 1935
1 2631
3 61 3998 4077
3 3680 1957 3689
3 4008 3029 3600
1 1078
3 3451 1578 2392
1 3768
3 1697 1132 1963
3 3827 1862 2001
3 2061 2183 3392
3 3628 2139 2704
3 2960 270 3268
3 2918 2717 3810
1 4059
1 3520
1 1672
3 673 2519 2396
1 1702
3 2979 2856 1300
3 1469 2665 3193
1 266
3 1999 2530 2371
1 32
1 1370
1 3640
1 3653
3 3493 3129 2215
1 1833
3 456 4072 3127
1 1776
1 2709
1 796
1 35
1 423
3 3645 3030 88
3 2507 190 1073
3 3997 3572 250
3 3607 2590 170
1 3937
3 2917 239 1431
1 2912
1 4050
1 749
3 584 1449 3991
3 3847 3666 40
1 2461
1 819
3 3884 1313 2418
1 1982
1 1133
1 2014
1 3187
1 1783
1 3461
1 3969
1 3254
1 1764
1 1913
3 3377 3673 2076
3 1694 1961 1619
1 3409
1 84
3 3606 3584 1315
1 3691
1 240
3 1855 175 3228
3 645 624 4061
1 2290
1 1347
3 1866 728 452
1 1713
3 3390 742 4008
1 1789
3 453 2812 2310
3 493 3512 1236
1 5
3 3656 3726 4030
3 766 38 3123
1 1117
3 21 3768 3632
1 986
3 788 3541 1800
3 2900 2421 3117
3 1759 789 2290
1 1801
3 4055 3190 2557
1 2386
1 1508
1 3197
3 3833 1255 427
3 1611 2766 2122
3 2951 975 847
3 858 3195 3450
1 2680
3 1127 1725 1771
3 1358 1851 1576
3 4006 1420 1580
1 1133
3 1926 1452 3736
1 2438
1 2977
1 2780
3 252 3737 1402
1 3211
1 3769
3 2424 2800 1208
3 3422 360 1142
3 3309 2002 3701
3 2722 3224 2546
3 2908 2743 3269
3 1971 3409 3239
3 1753 1915 390
3 516 541 766
1 2794
1 3516
3 3718 433 1491
1 1617
3 2508 2368 2529
1 732
1 722
1 1258
3 1357 3199 612
3 1815 1908 1751
1 3353
1 1335
3 3575 3875 1234
3 2634 2741 1134
3 2760 3985 3362
3 2117 3863 78
1 358
3 2369 3921 3456
1 3909
1 840
1 857
3 2635 2869 2694
1 3693
1 4080
3 3455 2479 2714
1 2944
3 1715 2697 1495
1 841
3 1905 1202 1288
1 1826
1 606
1 1424
1 556
1 779
1 3987
3 2714 1737 504
3 700 2728 2394
3 1778 1788 3761
3 57 1476 225
1 2699
1 3959
1 230
1 3256
1 245
3 3904 3728 3407
1 1727
1 178
3 3667 405 3774
1 2412
1 4075
1 3194
3 803 3999 1114
3 3261 555 3933
3 1914 367 3049
1 102
3 3253 3122 2602
1 501
3 1098 1113 2195
3 1444 2104 513
1 2857
1 1652
1 3221
1 2167
3 2849 3427 3795
3 471 1850 2131
3 930 2613 84
1 45
1 3742
1 17
1 2680
3 2976 3700 899
1 3005
3 1701 3682 2562
3 1706 808 2780
3 813 2833 3659
1 1693
1 2434
1 327
3 2318 2388 1827
1 46
3 1533 2204 1157
1 1586
3 4029 3487 2835
3 3449 1117 3302
3 577 4016 3109
1 3043
3 2162 2735 832
3 3710 2176 3599
1 3556
1 1283
3 2701 1065 1539
3 4 1884 3477
3 2068 1413 3042
1 2223
1 1303
1 2613
1 2879
1 3885
1 3050
3 2882 2523 1533
3 3282 1356 1825
3 3391 2910 2306
1 3251
1 3802
1 3380
3 1065 2257 1595
1 1059
3 806 421 2033
1 795
3 1091 973 2671
3 1958 2276 424
3 4028 729 816
1 2597
1 1615
3 693 1672 2749
1 1141
3 1242 679 1385
3 4073 1183 1496
3 3683 3476 3384
3 3449 1543 989
1 2366
1 615
1 408
3 3504 3676 1490
3 902 1587 631
3 3151 944 992
1 1021
1 2300
1 835
1 408
3 2738 3968 253
1 2132
3 4056 414 1492
3 2540 1123 830
1 1001
1 3445
1 470
1 537
3 287 3300 2035
1 1161
3 23 817 1600
1 2053
1 733
1 310
3 3093 3699 2072
1 1642
1 2006
1 2998
3 2159 2865 2256
1 1088
3 3903 417 2642
1 4091
1 2625
3 241 2558 1147
3 3547 3351 3714
1 3597
3 1313 3920 436
3 3106 3098 2926
3 3841 1339 3415
3 1410 663 3516
1 2695
1 1879
3 1859 3940 2471
3 2872 361 3203
3 3112 1650 3055
1 1586
1 1561
3 1657 3174 1227
3 3405 3747 807
1 1858
3 3035 2640 276
3 2325 3399 3528
3 2354 2806 407
3 23 711 3773
1 3848
1 1125
3 2193 3750 4083
1 3619
1 1692
3 2999 2492 1692
3 1317 396 1907
3 4003 2607 651
3 446 434 3354
1 2501
3 1584 2488 3028
3 3829 613 3530
3 100 1537 2527
1 3076
1 2230
1 2474
3 4047 374 1534
1 606
3 2076 2239 462
3 2905 2507 3843
1 1036
1 3148
1 3898
3 1676 2715 1998
1 3955
1 1468
1 1000
1 2438
1 2607
1 3099
1 1521
1 1675
3 1708 2028 1928
1 3846
3 804 2264 4062
1 2247
3 3910 3046 2477
1 2285
1 230
1 3983
3 2610 3165 621
1 3640
3 2259 203 1459
3 2427 76 3423
1 3705
3 1175 2899 3363
3 607 893 2759
1 1487
1 3676
1 299
3 2829 2874 41
3 3770 2486 754
3 1020 2160 3124
3 2756 1333 1244
3 969 2039 2688
3 2078 3925 2097
1 1287
1 1752
1 2264
1 1260
3 2554 4084 1124
1 2138
1 1235
1 4062
1 2660
1 3380
1 2896
1 3556
3 479 2713 1536
3 484 3718 3829
1 2856
3 259 1703 3724
1 2167
3 984 107 1690
1 2035
3 439 3892 3441
3 319 2263 1015
1 1506
3 2423 1241 2524
1 1554
3 319 1322 2772
3 2341 2853 1358
3 3134 1797 3764
3 3858 1594 724
1 2615
3 231 2207 3003
1 646
1 3876
3 577 2077 1275
3 3186 1852 2416
1 1912
3 3331 1446 3291
1 525
3 1270 3460 298
3 1474 106 1438
3 1524 3629 630
3 3387 1885 2876
3 2948 778 2483
1 2568
1 2938
1 2621
3 290 3225 1097
3 2902 2281 257
3 2180 538 294
1 2113
3 2418 3522 1238
1 1036
3 2626 2366 3692
1 403
1 317
1 770
1 1379
1 554
1 2881
3 2521 2262 3543
1 3669
1 2858
3 2158 1308 1901
3 913 113 138
3 1645 3546 1405
3 2166 1776 1338
3 784 1453 1102
3 105 3628 4055
3 2486 1426 3744
1 3876
1 4021
1 1299
1 1642
3 2559 189 3315
1 2656
1 245
3 942 3647 1164
1 3882
1 957
3 112 2217 863
3 1984 1188 3645
1 1727
3 1712 10 134
1 3252
3 3615 605 3738
1 1262
3 886 1390 2090
3 2144 2355 3421
1 2984
1 769
3 1945 3406 4038
1 2798
1 1487
3 4049 3391 1474
1 1490
3 287 2084 3944
1 1235
1 475
3 1537 3454 1019
1 3709
1 202
3 1302 2165 2845
1 1166
1 2737
1 3960
3 1714 4046 3717
1 3170
1 2307
3 273 1421 2282
1 740
3 1549 490 963
3 3035 3805 1380
3 85 1799 3366
3 2068 558 3258
3 1741 2852 1557
1 1472
1 2777
1 2140
3 1567 689 1855
1 1108
3 3493 1016 3353
3 1263 1905 990
1 1830
1 102
3 486 3958 533
1 1680
1 677
3 1818 450 788
1 1512
1 293
1 75
1 393
3 3216 3432 136
3 3808 1964 918
1 492
1 795
3 1528 3410 81
1 1468
3 1681 345 352
1 3392
1 1774
1 3960
3 27 208 1293
1 1348
1 856
1 3034
1 3144
1 3840
1 1124
3 1883 401 1904
1 653
1 1627
1 3065
1 1323
1 2177
1 3448
1 1777
1 1952
1 3525
1 2389
1 835
3 787 3695 486
3 221 2500 699
3 1751 483 3277
1 3297
3 997 593 1953
3 2142 1528 371
1 2587
1 1301
3 396 230 2871
3 3903 322 66
1 38
1 3912
3 2294 1167 1772
1 3958
3 3250 3172 240
1 1100
1 126
1 2631
1 1730
3 221 4041 3330
3 149 1582 1462
3 3971 325 4006
1 991
3 1345 3573 720
3 101 266 2490
3 3994 178 3769
3 2761 755 1039
1 2492
1 1305
3 3935 3962 1864
1 1707
3 2221 812 3422
1 2232
1 934
1 2711
1 2223
3 3823 814 4043
1 1763
3 3150 819 3664
1 1610
1 1276
1 2361
1 2655
1 2926
1 3329
1 2269
3 3250 1066 2253
1 3552
1 1273
3 3323 3884 3388
1 3729
1 938
1 178
3 1711 4064 3936
1 993
1 1303
3 3386 3436 638
1 1545
3 2577 2588 3949
3 2517 2947 723
1 3755
1 1224
1 385
3 1685 4021 3778
1 1418
3 2744 2502 4065
3 283 3719 261
1 2397
1 540
1 1648
3 3417 1374 1207
3 640 2589 914
1 3290
1 3699
3 1518 2823 1352
3 1926 3191 3763
3 1330 1276 54
1 240
1 1046
1 2528
3 260 62 132
3 498 4 725
3 2581 2587 2050
3 401 3259 1902
1 2362
1 2692
1 2253
3 257 2065 99
1 3618
3 3765 1329 1229
1 284
3 787 1546 456
3 1131 3961 1331
1 1010
3 1140 3398 184
3 1575 3904 2277
1 3709
1 1034
1 1125
3 1958 892 2919
1 3708
1 233
1 3071
3 3743 2181 2057
1 2202
1 412
1 3692
3 1644 231 4071
3 1605 3056 1259
1 2597
3 1671 415 982
3 2793 2687 3793
3 3526 3484 528
1 1618
3 3104 1365 2444
1 423
3 121 3175 3922
1 1564
1 1903
1 1871
3 455 1472 2305
1 233
1 1937
3 3659 1212 383
3 4086 3082 1660
3 1878 1611 718
3 3372 3619 1277
1 779
3 3207 3853 2965
3 3431 291 53
3 1403 1373 482
1 2830
1 1851
3 3181 2434 1693
1 3135
3 1107 501 1088
1 1198
1 1684
1 1250
3 1194 537 1335
3 2967 264 1809
3 1098 2447 828
1 2163
1 2618
1 293
3 1127 3265 3358
3 2544 2063 2220
3 2583 2754 1455
3 1489 3506 3120
1 4090
1 2926
3 2495 1347 1790
3 3985 3428 1731
1 3480
1 2748
3 2552 3954 783
3 1866 1261 2594
1 3692
1 1812
1 1351
3 3776 2007 1767
3 3000 466 3539
1 126
3 444 2620 1174
1 1705
1 782
3 3282 1515 331
3 3431 2119 4002
1 2124
3 3603 1355 3722
3 2272 655 2670
1 366
1 1709
1 407
3 479 1631 1936
3 3137 802 2049
3 3675 1586 3581
3 2405 3504 1493
3 990 2997 2534
3 67 2935 2867
3 900 3303 3255
3 3847 194 1779
1 991
1 3080
1 1418
1 769
3 3977 2967 1192
3 2133 3937 1705
3 1574 1173 1089
1 1132
3 235 2270 696
3 451 2370 3076
3 466 1812 3034
1 3888
1 3198
1 1608
3 1265 595 3990
1 1113
1 1871
1 44
1 4075
3 762 641 1829
1 1148
1 2531
1 669
1 2484
3 2052 13 576
3 3695 1506 2248
1 809
1 2502
3 3526 1593 3580
3 446 2830 2977
3 3113 1437 4057
3 1523 2857 985
1 2522
1 2984
3 2352 3160 110
3 3743 888 1121
1 2130
3 2747 1831 1011
3 2865 1819 1511
1 954
1 509
3 409 3227 3214
1 3742
1 578
1 1633
3 2284 2829 3803
3 3220 3938 3252
3 4011 2081 1388
3 450 577 3977
1 789
3 3164 2133 3309
1 1572
3 886 3790 2584
3 2207 3488 1624
1 3592
1 3332
1 1777
3 2272 3502 329
3 2634 2729 546
1 2693
3 2818 1658 252
1 2039
3 2776 1153 1309
3 2734 3835 2983
3 3935 2564 1505
3 3218 1301 604
1 2335
1 3341
3 2486 3567 1467
3 725 3946 2509
3 1172 3591 3928
1 2140
3 3686 3138 1068
3 255 3396 2913
3 4095 3515 3840
1 794
3 268 2883 3852
3 3962 1175 3218
3 1640 1995 164
1 509
1 1522
3 259 666 2255
1 448
3 3351 124 1710
1 677
1 3980
1 2725
1 2624
1 2789
1 599
1 3589
3 682 1508 2618
3 1122 2895 910
1 2777
3 19 2680 4026
3 3612 1213 2208
3 681 1879 1205
3 845 813 100
1 2847
1 539
3 3348 4074 1362
3 2358 1375 1842
3 2953 3090 51
1 1934
3 3714 1535 3370
3 2394 3496 1461
1 644
1 3208
1 142
1 757
1 1255
3 575 3746 4011
3 1187 2313 1186
3 1531 1083 3278
3 3393 954 2901
3 2966 3639 389
1 748
3 3481 2617 902
1 3477
3 3372 423 162
3 3259 3261 4003
3 3579 272 1080
3 3412 3866 912
1 1253
1 1839
3 1585 3161 1562
3 1977 825 1081
3 4086 244 1428
3 2280 1214 4014
3 3183 2567 1570
1 1663
3 3216 4015 1451
3 1818 399 1319
3 2146 965 2732
3 3112 1342 1903
3 2216 1034 1764
1 2043
1 2002
3 3417 449 2009
1 2098
3 4085 2627 669
1 2335
3 4088 3470 2091
1 3993
1 147
1 989
1 3865
3 4018 1053 1318
1 2983
1 3783
3 3927 710 1416
3 1550 3855 851
3 298 3007 3051
3 2907 1943 283
1 2177
3 1983 153 2999
1 611
3 1043 3792 3582
3 7 503 3139
1 3332
3 3504 521 1834
3 429 1351 2200
1 3354
1 292
1 367
1 2195
3 2164 2100 3185
1 549
3 301 2315 3862
1 4065
1 3626
3 1017 592 1400
3 2207 1239 534
3 1985 3902 1006
3 1814 83 2532
1 504
3 2302 3096 3926
1 2248
3 731 3001 2850
3 3696 978 3059
1 2333
3 2880 611 3939
3 2937 93 2619
3 177 818 1435
3 1715 3188 951
1 2899
3 3067 849 3490
1 1558
1 4082
1 165
1 2889
1 989
3 1410 4082 95
1 2393
3 3269 1377 2785
1 272
3 1302 428 924
3 3706 1636 1393
3 1943 1045 700
1 1579
3 3395 622 1931
3 2746 3201 2647
3 1800 1910 1955
3 3147 947 4001
3 3120 2419 2237
3 55 1951 2804
1 2784
1 828
3 1045 3696 2159
3 3027 3571 967
3 1549 2598 1990
3 2908 3667 7
1 366
1 4067
1 2004
3 471 3899 3444
3 2731 2637 3491
1 1264
3 718 3013 3868
1 1349
3 976 2291 1782
3 2617 3650 979
1 292
1 3145
3 2872 2574 2873
1 3155
1 2959
1 2226
3 247 3783 3993
3 1538 3918 2399
1 1867
1 37
3 1590 2643 1556
1 597
3 4034 1754 487
3 2405 101 1017
1 2801
1 3969
3 823 1712 1364
1 1618
3 2722 2936 3838
3 274 4075 871
1 398
1 2219
3 718 3559 3280
1 1108
3 2544 1037 3062
1 1086
1 2842
1 1599
3 155 3545 1359
1 1617
3 1874 369 793
3 2793 3200 922
3 1740 242 4036
1 2351
3 141 393 5
1 672
1 2497
3 3253 2191 1704
1 768
3 3455 451 3260
3 1681 1946 2506
1 2600
3 3413 2980 685
3 2573 3839 296
3 3690 3636 2543
1 3239
1 570
1 3060
1 1072
3 990 2686 1530
1 1271
3 2839 3107 24
3 2036 2445 2266
3 1355 1973 960
1 2345
1 761
3 2577 1177 3730
3 2078 1170 2773
1 3739
1 2947
3 903 798 412
1 1939
3 1427 3801 3537
3 3757 2251 22
3 891 964 1554
3 3267 156 1810
1 3173
1 3074
1 4084
3 3464 1596 1517
3 456 1934 238
1 2657
3 1997 2948 1832
1 3485
1 262
1 162
3 2107 3880 1523
3 1676 2971 1169
1 783
1 3846
1 3855
3 2907 273 1386
3 1099 3169 4042
3 1278 2761 656
3 3911 2083 3466
3 3046 1911 2679
3 531 3630 2402
1 97
3 687 2180 3615
3 3719 3544 687
1 3182
3 2507 530 702
1 3772
3 720 180 2249
1 794
3 645 2075 3945
3 2114 544 2559
3 451 4059 3019
3 3766 33 3394
1 1299
3 1481 855 3481
3 1714 3908 1516
3 1386 845 187
3 1358 1036 3742
3 154 195 2872
3 1188 3841 74
3 1017 3824 3023
1 2383
3 1782 2302 550
1 1887
3 3410 1272 72
3 3070 3367 952
3 632 1061 121
3 1006 2699 3283
1 84
1 1934
3 190 3154 657
1 2305
3 3719 112 3548
3 81 2331 395
1 2494
3 499 875 2631
1 3408
1 716
3 3106 993 1473
1 2468
1 1214
3 2603 171 115
3 3537 342 2052
1 1780
1 2484
1 739
3 1872 1917 1683
1 894
1 1572
3 762 1520 2436
3 2076 785 349
3 2763 1863 2538
3 2583 3661 2844
3 3272 3589 882
3 2890 1968 36
3 1733 511 1778
1 2248
3 2818 59 1327
1 1842
3 784 885 2246
1 2627
3 3452 836 210
3 499 773 2250
1 1785
3 57 2093 1394
3 1402 3378 2074
1 3533
3 1782 3927 2787
1 2859
1 897
3 3758 1497 1118
3 2454 446 3794
1 3283
1 954
1 626
3 902 3087 1975
1 1370
3 3178 2011 3859
1 2658
1 617
1 1942
1 3419
1 4072
3 2291 2336 1005
1 367
3 1855 3570 3569
1 16
1 1963
1 2041
3 3603 3326 1706
1 4078
1 3016
3 511 3000 3014
3 2129 3959 2382
3 80 943 3012
3 187 1735 131
3 3931 458 1317
3 767 2762 1753
1 3979
1 515
3 3223 2078 3393
1 2512
1 1790
1 2623
1 3053
1 3472
3 128 4054 2273
3 1658 2825 3893
3 241 665 878
3 2996 3710 1874
1 1205
3 3326 916 3274
1 851
3 903 3170 3374
3 1002 440 1717
1 2499
3 3674 1794 166
3 3499 835 2067
3 594 1154 2721
1 1558
3 141 4091 2397
1 1718
1 2613
1 1965
3 602 2730 3373
3 3343 3091 2018
3 602 3654 945
1 2830
1 3287
3 207 2136 258
1 2013
1 4025
1 3389
1 661
1 2725
1 3462
1 2175
3 3487 154 4034
1 362
1 2949
1 1214
3 3317 3831 25
3 2133 150 3525
1 593
1 249
1 1115
1 3956
3 1146 2930 1256
3 793 1854 2361
1 2847
1 869
3 1236 1641 191
1 3271
3 2787 430 1976
3 4068 3851 777
3 2274 859 1716
3 134 105 2125
3 2284 4024 801
1 604
3 63 3704 303
3 3014 3756 3845
1 1573
3 1480 2807 532
1 2806
3 1930 1604 872
3 742 1149 3479
1 2922
3 2961 2548 837
1 2391
1 1501
1 717
1 2392
1 556
3 3275 874 904
1 2240
1 1544
3 3437 775 3349
1 1485
1 2105
3 2005 3534 686
3 3242 1100 1350
3 2483 3039 2769
1 2348
1 3956
3 1152 217 363
3 145 3079 2943
1 1953
1 1897
3 953 1938 1200
3 1270 3690 471
3 1988 1859 1237
1 2230
1 3443
1 1627
1 2983
1 1886
3 1332 3424 4069
3 33 589 348
1 2290
1 2392
1 3739
1 3721
1 1323
3 1722 2127 579
1 3797
1 1952
1 3197
1 716
3 119 3446 2459
3 1237 2178 3433
3 155 536 1719
1 3540
1 1746
1 3097
3 3489 3799 2103
1 2102
1 1066
3 2151 3204 2066
1 2897
3 200 388 1878
3 3308 3299 2393
1 2726
3 2146 3121 382
1 321
3 3531 2585 2285
3 3911 3733 1286
3 389 1898 2280
1 3485
1 3135
3 551 3898 1023
3 442 860 289
1 1565
3 3045 839 3375
1 2636
1 985
1 798
3 2649 1566 616
3 2044 3889 499
1 506
1 2091
3 3827 2668 883
3 3352 1981 221
3 3542 3781 1616
1 1072
3 2617 557 1139
3 1630 2030 1585
3 2953 323 551
1 3963
1 2017
1 4015
3 311 1243 3048
1 905
3 2467 1354 1651
1 4080
3 399 1403 2454
1 2347
3 152 1324 3480
1 3018
3 698 1713 2110
3 812 519 598
3 2788 2480 3307
3 214 198 2
1 3099
3 3786 765 2105
1 2655
1 2190
1 3631
1 3870
3 684 3047 3100
3 339 65 2837
3 180 1299 2512
3 1788 1156 2979
1 1234
1 54
3 3245 1094 3542
3 3649 3264 1540
3 3040 2188 1746
1 1338
3 3547 268 1302
3 2329 1254 1070
1 251
3 3539 2879 285
1 219
1 714
1 4082
1 777
1 3495
3 3207 375 2024
3 1095 2424 454
3 594 1391 1734
1 2097
1 506
3 1890 525 1285
1 1501
3 343 782 219
3 904 89 3237
3 3814 3285 2340
1 663
3 2213 3447 3184
1 3477
3 2164 2809 314
1 3909
3 2937 2153 135
1 1839
3 3352 3045 128
3 727 1184 3494
1 2391
3 1065 3105 1745
1 543
1 3426
3 3242 2265 3097
1 832
3 1741 356 2669
1 592
3 3422 737 1502
1 3179
1 1088
1 3729
3 3529 2692 2600
3 1267 1633 1752
1 1675
1 3127
1 871
3 3059 228 344
1 2733
3 2848 2230 2186
1 3476
3 921 3856 3601
3 3884 1715 3612
3 1316 3870 2334
3 2913 3731 2778
3 3974 1823 2982
1 1544
3 3622 1429 2358
1 271
3 3008 1433 1101
1 3294
1 35
3 812 2985 1807
1 277
1 2585
1 3993
3 2213 1196 2079
3 2743 3503 2570
3 2279 302 1430
1 2333
1 139
1 2735
1 2265
1 1784
1 3230
3 1200 650 137
3 887 3574 2062
3 493 3248 3686
3 2653 2450 2603
1 554
1 3470
1 2350
1 1947
3 2610 87 1217
3 1605 1944 1757
3 1895 3808 63
3 1950 199 3655
1 1865
1 2842
3 1444 1484 29
1 3254
1 1661
3 1156 3397 3329
1 1113
1 2814
3 2960 617 1224
1 2572
3 2437 3273 4035
1 1296
1 1258
3 1216 1240 691
3 2198 3233 2236
1 1854
3 3808 587 2428
3 505 359 3897
3 290 3608 1443
1 1588
3 3974 2511 204
3 3845 1568 1637
1 1994
3 486 3221 2043
1 3694
1 1118
3 1493 3618 46
3 3319 2591 2553
3 807 267 2232
3 2114 1708 3740
3 1284 2660 358
3 1345 3622 3455
1 3016
3 3678 1625 2045
3 2112 318 1219
3 3489 2870 3288
3 2435 4063 432
3 187 2908 3910
1 827
3 978 2086 962
3 1800 3411 1971
1 2502
1 491
3 3977 1410 4085
3 3512 3119 220
1 3274
1 2585
1 2710
1 3363
3 2668 3498 1135
1 736
3 1910 1756 3176
1 193
3 2377 517 222
3 1518 3586 1919
1 1109
3 2756 3553 1344
1 2556
1 270
1 968
1 2893
1 92
1 1692
1 2344
1 1748
1 3720
3 3027 2322 2994
3 3879 2376 1086
3 182 3965 4058
1 3698
1 2434
1 2317
3 3272 139 2726
3 3411 2777 193
3 387 1179 827
1 829
1 2739
1 2490
3 3919 3797 2167
1 3397
1 1921
3 3675 3822 524
3 3453 1760 2233
3 2217 3948 3594
3 2878 1721 1646
3 1971 758 779
3 2914 2521 158
1 3693
3 482 4090 43
1 2184
3 94 1263 3766
1 3426
3 2952 67 3982
3 2839 2314 2775
3 3820 2578 1856
1 3557
3 80 2143 3804
3 3269 2070 3532
1 2509
3 2450 2245 140
3 731 1835 735
3 2744 2460 1614
1 495
3 3544 3027 1180
1 1324
1 3268
3 3820 3518 2933
3 2221 573 1681
3 2661 2709 2944
1 3128
3 2036 1439 3527
3 298 3558 1482
1 445
3 652 2986 644
1 3287
3 1289 3305 1128
1 418
1 1012
3 306 3038 1025
3 1589 2989 4081
1 916
1 672
1 3257
3 3273 829 733
1 3812
3 2318 2563 3418
3 3656 2304 3486
1 3894
1 619
1 3815
1 3445
3 1981 2782 3102
3 2487 2516 1909
3 680 116 2706
1 2657
3 2478 763 981
1 2660
1 1086
3 2963 1396 2708
1 358
3 702 2056 2194
3 900 2059 2087
3 2108 2473 1773
3 1044 3786 1685
1 3881
1 911
3 2008 1465 879
3 3295 130 3232
1 1809
1 3772
3 4035 2925 3177
1 1888
1 98
1 3419
3 200 1815 1575
1 3038
3 2833 821 365
1 3830
1 646
1 749
1 714
3 2745 58 1056
1 638
1 2696
1 2549
1 1271
1 2615
3 942 1287 4025
1 1784
1 3436
1 977
3 3134 146 3707
3 807 1260 2499
3 2176 717 1000
1 3987
1 3384
3 2979 3802 1225
1 2267
1 3855
1 3954
1 3848
1 264
1 707
3 1531 1084 2321
3 574 809 2287
1 1937
3 261 2261 3858
3 2527 1209 994
3 3223 3311 3531
1 307
3 148 47 3439
1 3915
3 3803 3942 332
1 1512
1 1854
1 165
3 1539 760 2707
1 500
3 131 3395 2776
3 2242 2350 626
3 3319 2786 3663
1 4027
1 2860
3 2142 1959 2547
1 3098
1 809
1 2587
1 3148
1 2096
3 2352 3538 609
3 2935 3434 940
3 2835 4049 3352
1 675
1 3365
1 2773
3 2714 2938 3915
3 3902 2140 398
3 4006 1927 3270
1 54
1 3967
1 1170
1 2949
1 2393
3 3460 1197 2875
3 3864 165 653
1 3958
3 1218 2501 2988
3 237 547 2386
3 1032 174 2487
1 2148
3 3714 3338 2821
1 4090
3 1279 169 2069
3 454 1932 1603
3 2762 3468 2635
3 1233 1648 1305
3 2479 844 2383
3 1192 2915 402
1 426
3 1422 2328 3878
1 2899
3 1187 1425 3668
1 758
3 3453 3037 1922
3 59 1549 887
1 2621
3 3788 1838 692
3 390 3873 873
3 2423 3560 2003
1 1399
3 2477 1191 467
3 1463 1607 2292
1 761
1 3857
1 2977
1 1842
3 1201 930 1893
3 3834 3857 1012
3 1649 18 2349
1 4065
1 2271
3 2158 1989 4094
1 5
1 2690
1 3262
1 2383
3 3985 1457 3035
3 312 2612 3883
1 911
3 3346 391 603
3 2337 1296 864
3 3615 282 1612
3 1107 3956 3909
1 1260
1 495
1 3778
3 1194 2438 567
3 148 1477 246
1 1012
1 916
3 419 1601 3371
3 1754 3103 2942
1 3156
1 1576
3 3910 3847 3360
1 539
1 3701
1 1939
1 2739
3 682 543 1141
1 3514
1 16
1 1846
3 2876 1544 1826
3 2829 601 3932
1 1003
3 2454 306 522
1 2055
3 425 2415 3825
1 3172
1 856
3 855 335 1553
1 2278
3 3872 1242 312
1 3533
3 174 3562 2308
1 980
1 1161
3 1898 707 1310
3 3295 3459 2561
1 2560
1 1080
1 2376
3 1644 3872 3886
1 30
3 350 508 3493
1 1709
3 453 1280 223
1 773
1 2231
1 3230
3 4037 2260 3381
3 3109 1845 3179
1 1804
1 402
1 3177
3 4035 1858 1456
1 2345
3 3428 2886 305
1 3299
3 3548 1480 673
1 525
3 2968 1940 1545
1 1632
3 2112 2297 2228
1 829
3 1480 1404 2457
1 1456
3 1469 3325 884
1 932
1 2278
1 393
1 593
1 1554
1 600
3 3529 3074 549
3 4044 1507 1120
1 1790
3 3081 3005 362
3 2206 2956 1843
1 3141
1 1063
3 2242 277 1929
1 2727
1 871
3 370 3386 2993
3 1189 889 1210
1 147
1 2623
3 153 2247 1222
3 207 2973 3551
1 2518
3 1073 1103 2010
1 3694
3 2674 1266 2417
3 3174 2877 3891
3 1697 2132 1801
3 1671 1541 852
1 1762
1 1561
3 2878 1282 2496
1 736
3 3896 2609 1991
3 550 1667 2764
3 390 3973 1160
3 833 607 1289
3 1720 1948 553
1 3563
1 785
1 521
3 1923 895 1415
1 3963
1 385
3 693 1021 1638
3 2485 599 1029
3 61 2121 2781
1 1796
1 726
1 3159
1 1178
1 2915
1 1158
1 1812
3 3806 2789 740
3 3794 98 3657
3 3346 3561 4032
1 1781
1 3408
3 2783 2124 2799
1 3486
3 311 523 103
1 357
3 389 3181 2242
1 3755
3 2887 1440 2152
3 27 838 1311
3 260 2385 1873
3 2987 751 1966
1 3236
3 2281 2387 1246
3 3789 2940 2359
3 444 15 2891
1 37
3 2783 3755 3894
1 914
1 690
1 3088
3 2128 3198 2300
1 2200
1 1568
1 1117
3 3030 3500 2802
1 862
3 2931 2615 3679
1 507
3 2846 2847 3850
1 875
1 3337
1 1887
3 1674 1077 988
1 2710
1 4030
1 2794
3 3829 743 3084
1 789
1 1851
1 1509
3 1236 741 3713
1 862
3 3070 2514 2712
1 3925
3 2206 3509 1483
3 158 320 1639
1 1029
3 680 1168 3033
3 346 2414 3596
1 1034
3 3964 416 3759
3 1915 1047 3787
1 2840
3 516 727 1098
1 3176
3 4068 2841 3815
1 905
1 507
1 2384
1 2447
1 2389
3 2359 925 2855
3 4018 2298 2681
3 2918 397 1432
1 2690
1 1250
3 1032 2466 1043
1 1205
1 3939
1 907
1 3912
1 3363
1 773
1 2006
3 2931 1820 1003
1 3249
1 783
3 883 2022 1666
3 2323 2109 269
3 2940 2604 3350
3 1044 3864 3879
1 1638
1 2012
3 3575 1796 3694
1 1713
3 355 2212 2808
3 67 1643 301
3 1094 2909 2235
1 3525
3 2819 3322 1340
3 3725 2744 1138
3 656 2539 2327
3 2951 2757 3923
1 1021
3 431 315 2851
3 1004 496 2231
3 2738 2352 1463
3 51 2412 3443
3 3411 1781 3691
3 715 3876 1617
3 3964 1552 3836
3 1122 3306 3723
1 321
1 569
1 3959
1 3469
1 1545
3 498 3833 4056
3 3683 2307 1235
1 2740
3 3539 3969 245
1 1228
3 2996 370 1022
3 1885 539 1424
3 1985 3451 2485
3 429 3135 1939
1 2624
3 3746 2824 4045
1 985
1 3097
1 412
1 2069
1 3865
1 3356
1 1262
3 1859 2465 774
1 475
1 2344
3 2449 1642 102
3 2324 1353 1673
1 2218
1 4013
3 1081 420 996
1 2636
1 2382
3 3481 2664 2649
3 742 3754 1786
1 1774
1 2451
3 1955 2041 2959
3 3075 2148 515
3 2644 1668 3505
3 3904 561 3849
1 3409
3 3147 4079 502
3 698 1509 1833
3 3396 1008 2683
1 3055
1 732
3 3260 3332 3739
3 3788 3684 1328
3 2649 206 3957
1 1000
3 3688 232 1816
1 2672
3 3021 3960 562
1 1785
3 2957 3964 80
3 1180 2051 3314
1 2050
1 2733
1 2188
1 3632
1 3432
1 968
1 4033
3 3437 4040 2258
1 560
1 2901
1 3152
3 788 1640 1945
3 712 3461 2737
1 3005
1 2481
3 3971 3662 2963
1 1472
1 2765
3 1995 3099 3230
1 3815
1 2857
3 1 2907 823
3 1625 2545 1232
3 1609 1529 2015
1 3721
1 362
3 1082 357 2407
1 785
3 1090 2462 3310
3 3281 3290 745
1 2157
1 3128
3 3756 1853 2344
3 673 229 2700
3 2703 2946 2884
3 531 2252 1828
1 3060
1 1940
1 1338
3 3052 815 2676
3 2676 2037 1678
3 371 57 2213
3 766 317 1071
1 1758
1 2742
1 1351
3 1263 803 3113
3 3892 846 144
1 2709
3 913 1252 3240
3 1611 1067 2827
3 257 3703 1298
3 409 3513 1956
3 3137 26 2453
1 844
1 307
3 3841 3610 411
1 3768
3 1156 1618 3256
3 388 3413 4018
3 1577 2949 3060
1 3933
1 1029
1 2286
3 1406 2932 69
3 1906 1171 1804
1 1804
1 1232
1 2474
3 1278 182 2544
1 2616
3 237 2335 2621
3 2169 1104 3209
3 2892 1761 3606
3 3628 52 1295
3 3347 3093 1107
1 1656
1 2841
1 3297
1 2579
3 3747 2655 3257
1 726
3 684 1770 3844
3 4016 3341 1942
1 2662
3 3347 2880 3943
3 550 3180 2311
1 3127
1 1672
3 3113 1248 211
3 607 3115 2106
3 419 3158 3860
3 1227 1765 2491
3 2999 977 506
3 1694 3044 2816
3 3725 1284 3216
1 42
1 2944
3 756 1201 3678
1 3938
3 2828 1883 1733
3 2288 1004 1791
1 2735
1 1109
1 308
3 3003 935 648
3 1653 3698 2218
3 3405 2337 676
3 2488 3905 2641
1 142
3 49 934 3156
3 850 907 2711
1 1497
1 3172
1 562
3 822 2054 3821
1 533
3 541 3271 3693
3 2401 2981 890
3 1165 1548 1441
1 3298
3 3670 3705 3287
1 3691
1 2035
3 484 2722 2674
1 2871
1 2357
1 3374
3 1577 2461 857
1 1820
3 2968 1762 2190
3 2466 3984 1281
1 3851
3 2661 619 2727
1 398
1 2532
1 2073
3 2359 2904 1033
1 3664
1 2841
3 1457 3638 1861
3 1874 3112 1279
3 2867 2027 2472
1 4030
3 3549 2740 986
3 3931 2343 3094
3 94 2134 1682
1 3887
1 3516
1 2600
3 458 2805 850
1 114
3 2787 1806 791
3 3982 2259 906
3 3889 2055 3445
1 3302
3 2822 3777 2389
1 811
1 1526
3 4029 94 1695
3 1584 1538 119
3 3801 2937 2583
1 3034
1 638
1 1879
3 727 20 3748
1 2611
1 278
1 3687
3 153 3979 1078
3 1609 2505 995
1 3389
3 2159 913 2427
1 1844
1 2925
1 2219
3 1643 1728 2082
3 355 1613 1325
1 2226
3 2364 234 3605
3 343 3337 2658
3 2477 50 3734
1 2370
1 3664
1 690
3 3880 3385 3018
3 2606 3348 3317
1 2317
1 3760
3 283 1997 2760
1 1576
3 487 1155 627
3 1735 2900 1187
3 1980 1559 111
1 1758
1 3944
3 1267 569 2912
1 3647
3 2599 2820 1079
1 3043
1 1732
3 3880 2223 142
1 864
1 3355
1 3182
1 1982
1 1798
3 1980 3245 2048
1 3679
3 863 2283 1979
1 3835
3 2992 463 2145
3 1899 583 3342
3 3767 3478 529
3 3644 431 2803
1 872
3 1908 3832 3658
1 651
1 70
3 573 563 586
3 2354 1789 2317
3 1192 3812 3159
1 898
3 929 2672 492
1 854
1 3469
1 2695
3 1590 2969 1382
3 2517 1348 1178
1 3145
1 2494
3 2369 48 2406
1 2069
3 3362 2164 3282
1 548
1 1100
3 3746 3006 1093
1 2901
3 2192 2120 126
3 1218 3462 1887
1 2156
1 2138
3 1061 3402 3383
3 4028 1106 3425
1 1732
3 458 3150 2846
3 881 1992 3521
1 3065
3 1172 664 2795
1 1506
1 619
1 3088
3 1759 2211 659
3 2867 2843 1849
1 3657
1 1826
1 3581
1 634
3 3690 3054 1389
1 3822
3 396 35 1766
1 271
1 3515
3 3947 1913 2690
3 3667 4017 1500
1 717
3 3710 4088 681
3 2596 3625 1869
3 4071 3976 2788
3 1589 1195 3475
1 445
1 723
1 2073
3 3512 1581 3901
3 719 2599 355
1 1522
1 3086
1 2684
3 700 181 3952
3 214 713 3083
1 1963
3 746 2667 3058
3 350 3499 3549
3 1682 241 3555
1 2013
3 3975 505 822
3 2882 4037 1152
3 2952 632 3313
1 611
1 1756
3 2198 2767 2101
3 1165 3929 2455
3 2825 2150 1211
1 2156
3 4044 4051 3595
1 2382
1 2532
3 4038 1512 321
1 2195
3 833 1165 1926
1 1853
1 70
3 1092 2573 3457
3 49 3243 732
3 4024 82 834
3 2948 1172 1714
3 2853 1610 2896
3 3351 39 580
1 2897
3 3951 3935 3931
1 977
1 3778
1 2295
3 1546 826 1784
1 2110
1 1063
3 972 3681 3238
1 1234
1 3252
1 3462
3 923 2209 2894
3 3183 2838 2360
3 921 3604 3382
1 618
1 3687
1 3266
1 3850
3 21 2422 1264
3 2763 2116 1532
1 659
3 3798 2860 1573
1 1652
1 1738
1 3954
3 3737 636 2601
1 379
1 840
3 806 216 1383
3 4037 3036 1803
1 3978
3 192 2792 1783
3 335 2458 1203
1 123
3 3052 1436 746
3 3261 1133 3211
3 3767 185 2817
3 74 275 4019
1 1918
3 3927 1805 3241
3 2917 2533 620
1 277
1 2898
3 3028 3231 2639
1 1614
1 1705
3 3834 489 3254
1 628
3 3577 186 1630
1 1222
1 4023
1 270
1 3300
1 1884
3 2001 1343 227
1 567
3 1412 2920 2550
3 3343 127 1868
3 1175 2616 842
1 1514
3 2302 3344 2702
3 2401 3507 2576
3 3531 3597 1965
3 2573 2203 460
1 2893
3 2653 800 1531
3 3331 3011 1892
3 850 1709 3128
1 2186
1 1746
3 4039 3266 1271
3 3976 497 946
1 1764
1 341
1 980
1 1473
1 3983
1 914
3 778 1058 326
1 987
1 3631
3 3286 2094 983
3 2668 3400 1592
1 1016
1 1833
1 1781
1 349
1 1171
1 2105
1 43
1 644
3 455 1526 2175
3 254 1687 667
1 2879
3 180 308 3980
3 3151 4053 998
1 491
3 3391 485 3818
1 1621
1 4033
3 2902 1711 1369
1 3520
3 1657 4028 1645
1 723
3 186 4047 1626
3 2274 3602 1069
3 3968 3796 79
3 845 2439 1988
1 1003
1 1283
1 796
1 1621
1 960
1 567
3 2825 2238 2571
1 3159
1 2398
1 2265
1 462
1 3436
3 3762 3749 2659
1 2183
1 3123
3 1005 3576 1847
1 2856
1 3155
3 575 2068 2198
3 3110 196 3508
1 3476
3 3014 3529 2162
1 649
3 3762 3732 3716
3 2241 3316 3626
3 368 2723 824
3 100 1444 1412
3 4048 1110 120
3 1626 3125 1320
3 3536 1839 1063
3 3162 2254 950
1 1578
3 2865 1050 188
3 2887 753 2373
1 1350
3 1481 1700 3644
3 1841 2797 3674
3 1700 3151 1060
3 730 2515 772
1 864
1 2163
1 1543
3 3186 3132 3934
3 804 3907 1867
3 906 3598 2356
3 1004 2348 1774
1 2468
3 2924 2040 300
3 4071 1941 2323
3 2261 177 2374
3 1999 2296 410
3 370 682 2061
1 278
1 1400
1 1693
1 670
1 1824
3 3388 368 2836
3 3040 1564 1108
3 1915 3917 1960
1 3840
1 2184
3 676 3197 690
3 2928 2365 2016
1 2286
1 267
3 2836 3321 1470
1 1273
1 3515
3 129 843 3697
3 145 3970 2224
3 3845 2398 2560
1 661
3 121 2885 1401
3 3542 2927 3995
3 2108 2580 518
3 1146 3914 3168
1 504
3 1091 623 2962
1 1578
1 3669
1 2366
1 2749
1 2148
3 112 3762 2108
3 1630 3711 1002
3 2835 255 484
3 2439 313 3741
1 4025
3 3094 141 715
1 2806
1 1310
3 3248 494 3890
3 2993 2029 3514
1 219
3 3406 2278 2451
1 842
1 3290
1 2737
3 399 1447 498
1 542
1 2589
3 1977 1999 419
1 3797
1 3720
3 2256 122 1442
1 1417
3 3758 1273 3182
3 2797 1739 1635
1 3486
1 3882
1 549
1 3356
3 2987 2678 3416
1 2481
3 3786 3563 726
1 3540
3 2890 639 1647
1 3019
3 4056 3173 2013
1 3176
1 782
3 3791 2520 2646
3 330 2882 2892
3 2993 1680 556
1 2064
1 2727
3 1162 1663 3114
3 2462 2129 2192
3 1357 1018 3442
3 1190 1742 173
3 158 201 3010
3 119 3336 2771
1 43
1 1543
1 32
3 2535 3380 3983
1 707
3 1022 3040 4068
3 1227 2299 2719
1 569
3 461 3403 2464
1 1349
1 1913
3 803 3404 738
1 414
1 1684
1 2531
3 255 1524 1699
1 2012
3 2001 695 2934
1 2120
1 83
3 10 3390 953
1 1953
1 3557
3 3360 1112 1247
1 2572
1 3129
1 3049
3 1126 2426 831
3 2992 848 3988
3 2606 1454 4044
3 134 1278 3827
3 1447 3575 3281
3 33 2020 2978
3 3377 966 3675
3 1330 3213 1109
3 904 1376 3842
3 1988 3896 1694
3 1900 3721 757
3 2449 554 1780
3 1653 2794 17
3 2256 2330 3550
1 1492
1 1179
1 3198
1 266
1 3049
1 3365
1 3368
3 3487 1176 2914
3 1327 3319 3743
1 1052
3 3506 2648 1924
3 1005 2791 955
3 1373 1912 441
3 2291 2324 2746
3 658 1702 500
3 2866 1844 3865
1 4059
1 1166
1 3337
3 712 1718 1468
1 2376
3 701 1969 2404
3 247 224 597
1 1324
3 1429 2202 1001
1 1225
1 2084
1 3050
3 190 2197 2342
1 1071
3 1550 2579 3720
1 555
1 75
3 192 1565 1527
3 1369 799 2811
1 2097
1 2461
3 3573 3449 698
3 1454 3235 2420
3 3670 2064 2814
1 249
1 2441
1 670
3 1257 3978 73
1 3353
3 2745 2080 635
1 1795
3 2961 1143 2381
1 2096
1 2186
3 887 1392 4087
3 3435 1091 1127
1 987
3 2762 3464 900
3 101 840 1949
3 3900 2494 2333
1 1335
3 2282 1841 1032
1 1025
3 3109 284 97
1 193
1 2560
3 1275 2474 769
3 2819 948 197
3 3046 2023 3126
1 414
3 3451 3963 1871
1 683
1 1886
1 668
3 2485 3472 714
3 689 3032 2753
3 1722 2244 3590
3 4092 578 3495
3 3468 340 1993
3 3517 42 176
1 3705
1 3076
3 1126 2214 3244
3 1099 2187 1698
1 3020
1 2053
3 2144 1551 28
3 1902 1697 2783
1 3653
3 482 3848 3987
1 1510
3 4009 1875 2115
3 2377 3333 2650
3 1090 2025 3405
1 1633
3 759 2102 2286
1 1766
1 1796
1 547
3 2566 921 1357
3 2193 392 3784
3 3471 2174 3996
3 1685 3772 600
1 496
1 2300
3 3089 2005 461
1 2672
1 285
1 1637
1 2231
3 1575 1131 1740
1 2789
3 1546 3408 4027
1 3177
1 3243
1 2692
1 501
1 828
3 969 2295 3080
1 2859
3 3317 2541 566
3 1654 3292 3069
3 1167 2955 1009
3 3770 3473 339
1 2357
1 4091
3 253 909 3217
1 3053
1 1287
1 3708
1 427
3 2030 2736 1395
3 164 1608 1510
1 2361
1 1179
3 3245 2206 2596
1 1193
3 2439 3178 2112
1 2348
3 730 1954 2555
1 2067
1 327
3 3886 3253 3680
3 1864 1930 4092
1 2460
3 1559 2169 2758
3 874 3340 2099
3 976 3975 439
3 2162 2130 3298
1 1296
3 1891 152 2354
1 1830
1 1301
3 3761 1162 2166
3 1920 640 2581
3 3089 2951 3788
1 3397
1 2611
3 530 1445 481
1 2307
1 745
3 3090 3669 628
3 3662 1249 1096
3 4073 2346 3379
1 2362
1 1824
1 2499
1 2646
1 2556
3 3339 697 2628
1 527
1 169
3 7 376 3966
1 1648
1 4022
1 1973
1 1973
1 1789
1 931
3 1421 575 3435
1 2240
3 3388 2731 1020
1 3239
3 450 3164 516
1 758
3 131 1701 207
1 1608
3 1574 3953 3063
1 1737
3 3893 3643 4066
1 957
1 264
1 2305
1 20
3 195 394 4020
3 1941 706 1670
1 3470
1 1650
3 425 473 1634
1 123
1 2334
1 3101
1 2696
3 3178 437 1163
1 3268
3 1095 346 680
1 898
1 2215
1 3221
3 767 1567 1977
1 3129
1 2986
3 2880 957 403
3 4092 3882 932
1 2269
1 4050
1 2863
1 3906
3 2216 625 1675
3 3686 179 160
1 675
3 1890 1321 2522
1 3699
1 402
3 2277 3816 1486
3 1524 1185 3813
1 651
1 4067
3 2282 2221 205
1 844
1 379
1 3074
3 3248 1750 3660
1 3824
3 1304 905 2881
1 1277
1 1888
3 3823 3196 2154
3 974 2810 750
1 578
1 30
1 4078
1 1846
1 515
1 2947
3 1695 493 833
3 3765 1223 919
1 752
1 492
1 3583
3 3259 4039 3021
3 1317 929 192
1 3989
3 1313 447 3004
3 694 307 3885
3 19 2163 509
1 1801
1 3938
1 747
3 313 920 3482
1 2014
1 2250
3 205 2377 971
3 2645 564 3061
1 3023
3 1082 1521 202
1 3626
1 1940
3 2822 3556 4050
1 2451
3 1436 2990 2945
1 560
1 939
3 1791 1055 3071
1 2492
3 3555 1297 3304
3 3801 3437 2928
1 733
1 3870
3 953 4086 4060
3 3260 310 2004
3 3390 1574 2332
3 1131 163 1230
1 3933
3 2905 2284 719
3 2674 381 3015
3 3536 527 897
1 3123
1 1080
3 719 1126 2756
1 2798
3 4049 705 3974
3 2241 3613 1652
3 754 2975 3131
3 3943 2801 32
1 897
3 2077 1846 3065
3 2746 958 2929
3 1289 1555 1504
3 2924 1030 2338
3 2731 2275 2614
3 1398 290 1605
3 1788 1759 4095
1 3293
3 2913 3779 2320
3 1152 1471 3616
1 1078
3 1002 2537 861
3 573 786 161
1 2858
1 2047
3 2928 3474 1226
3 725 1777 856
1 2422
3 3711 1498 3523
3 3803 1336 1494
3 1997 3073 1095
3 3309 3708 4022
1 765
1 2688
3 1162 1684 2481
1 136
1 3247
1 1342
3 1251 1010 233
3 1464 1920 1891
3 3428 3328 2316
3 3394 2089 2831
3 1567 425 4093
1 2749
1 1253
3 261 2902 2738
3 971 404 304
1 872
1 1052
3 182 2205 1448
1 1858
1 2218
1 3247
1 2113
1 2988
1 73
1 993
3 997 3955 3141
1 1321
3 2797 1860 2088
3 2280 71 747
3 3311 854 292
3 1905 1622 1075
3 3406 1615 1501
1 1305
1 628
3 1691 2765 3043
3 1176 61 2887
3 2972 3869 464
1 3236
1 1184
1 3835
1 527
1 668
1 2784
3 2664 2654 1458
3 2048 881 2839
3 3791 1865 761
3 205 3331 1958
1 2698
3 301 2995 4000
3 1045 3789 3547
3 3308 3247 3236
1 1473
1 1264
3 891 3640 1487
3 2341 19 1900
3 640 3020 3152
3 974 901 2864
3 1423 3837 999
3 720 1233 3517
1 653
3 3496 2400 1894
1 1181
1 1055
1 659
3 4095 1558 249
3 2963 3819 3811
3 1461 2526 3118
1 3698
1 462
1 2130
1 251
3 1808 1729 4010
1 3494
1 597
3 2394 3339 2151
1 2699
3 3549 2497 2798
3 3761 287 2661
1 1632
3 687 3757 3346
1 1737
1 1509
3 1959 531 2645
1 1071
1 3222
3 2329 2092 3327
3 59 3137 610
1 2102
1 434
3 1864 3670 2968
3 2427 286 1111
3 1625 2443 3709
1 2347
1 1348
3 154 784 2644
1 868
3 2249 1370 2267
1 426
1 907
1 3777
3 3028 629 2375
1 3619
3 3879 114 2184
3 2703 2380 2826
1 3618
1 521
1 3213
1 3777
3 526 2345 2357
1 2922
3 2332 3066 3981
3 4016 3631 1434
3 1908 438 3627
1 2549
1 555
3 3387 903 2128
1 618
3 1251 1193 2684
3 177 2408 477
1 2029
1 3023
3 2755 594 984
3 105 2508 3162
3 1643 3017 3751
1 2748
1 3769
1 1820
1 1845
3 1654 1384 3284
3 1907 2863 1166
1 3392
3 1201 274 237
1 2889
3 2048 3295 2272
3 754 1215 1881
3 2535 1579 939
3 3483 1182 2431
1 2790
3 2676 151 3133
3 2042 168 2939
1 1656
1 1526
1 808
3 1731 1882 2429
1 2215
3 2508 2504 31
3 2437 891 1265
1 1965
1 2898
1 71
1 1748
1 1023
3 2728 2475 254
3 3413 1726 2770
1 1702
1 535
1 1798
1 3748
3 2217 3672 2155
1 765
3 2564 526 2554
1 2498
1 310
3 1020 776 281
3 2747 1269 1306
1 238
1 2490
3 2728 2318 3814
3 1878 2992 3008
3 235 117 2395
3 3607 3334 1314
1 2518
3 1447 2216 942
3 3648 1105 236
3 2564 3994 3536
3 325 2954 469
3 505 1591 413
3 2125 2961 295
1 3316
1 2616
3 1257 668 2854
3 1995 3583 353
3 2664 2378 3986
1 542
3 3393 841 2623
1 2268
3 2117 1204 465
1 1795
3 181 3453 762
1 3080
3 1753 2467 311
3 551 1407 1158
3 1493 2790 1052
1 2915
3 584 3611 4096
3 3267 4012 4076
1 1903
3 2523 1026 2189
3 2288 1218 2535
3 369 2113 1886
3 4047 2718 1409
1 97
1 3300
3 2466 2442 109
1 826
1 3283
1 1809
3 813 4073 2329
1 1164
1 1025
1 1514
1 2740
1 4026
3 1237 2691 468
1 1756
3 1955 3155 1730
1 1650
1 3098
1 747
3 3116 2952 1984
1 2545
3 1060 3677 2868
1 3266
3 3116 1644 1427
1 1451
3 1585 933 552
3 1626 3651 2906
3 1761 2716 133
1 1170
1 202
1 2443
3 2892 3688 235
3 1332 3002 4089
1 1897
3 1649 172 674
3 111 453 3070
1 2334
1 1456
1 547
3 823 4029 3116
3 3085 693 759
1 3581
3 1553 3140 2430
3 3737 671 1206
3 2523 2071 2034
1 2799
3 1361 1411 2476
3 1981 2752 1048
3 2803 1341 1378
1 1490
3 1427 1657 3971
3 3464 2135 2632
3 2805 2748 2698
1 2319
1 3566
3 801 780 2470
3 1138 3222 385
3 2758 949 1817
1 3294
3 3962 2822 1419
1 4013
1 2625
3 3685 2219 2271
3 3541 21 3092
3 3075 271 3187
3 1628 2294 1584
3 3441 488 3146
3 2976 744 1986
3 3210 8 1665
1 3822
3 2343 429 2960
3 3360 1221 3192
1 2938
3 1022 2517 1550
1 3894
3 3483 1042 2425
1 3385
3 4055 11 3646
3 1594 386 510
1 938
1 832
3 1808 1723 2229
3 3886 4048 1423
1 3298
1 3495
3 574 931 70
1 896
1 1059
1 3760
1 1783
1 1565
3 1700 1189 149
1 808
1 615
3 1419 2468 991
1 535
3 966 898 299
3 387 4078 3485
1 3783
3 1691 491 1627
1 3907
3 815 3972 2779
3 1708 333 572
3 1711 704 2137
3 1092 3823 2890
1 3071
3 2866 2710 1727
1 3153
1 3588
3 1461 633 1307
3 3711 568 3568
3 342 3166 34
3 2045 3111 749
3 2418 3312 2019
3 1674 3924 581
3 3506 2452 209
3 3218 1119 3050
3 3951 1090 2966
3 971 2682 2950
1 748
1 2646
3 4060 3215 2813
3 2025 1814 574
3 2261 2577 2401
1 1834
3 3093 2572 3145
3 1327 3104 584
3 3644 55 3186
1 2814
1 1417
1 1884
1 1434
3 3386 3101 2597
1 2765
1 1342
3 3220 1198 3912
3 3994 820 3251
3 2462 1330 3685
3 3662 3609 936
1 3101
1 280
1 3211
1 1994
3 1304 980 3989
3 2755 3343 1140
1 1610
1 2319
3 1899 3414 908
3 3673 4033 722
1 961
3 1216 336 1245
1 2287
1 1451
3 1463 2510 1749
1 3583
3 610 3621 1793
3 3362 2703 2042
1 2084
1 262
3 1505 3075 3272
3 923 316 1970
3 3919 3557 1125
1 1680
3 1821 1057 1598
1 3907
1 896
3 4009 1978 3635
1 2792
3 253 2141 1031
1 2370
3 1772 2172 1768
1 1184
3 1242 143 1870
3 2294 1720 148
3 3673 1707 1522
1 3448
3 3073 1722 214
1 3944
3 2339 2482 1547
3 2008 3519 1159
3 3537 3471 3607
3 3722 475 560
1 2512
3 3696 3776 1654
1 3906
2346
519
117
2750
1391
2403
1529
3265
2930
2786
3584
1356
751
2313
1026
3465
1770
1274
2757
3999
1659
3753
2888
2093
447
1018
3502
709
242
3022
561
1688
3651
1396
1360
3805
633
1863
2954
3246
2070
3921
3478
3212
3200
1182
179
711
2330
2995
2874
3264
3682
4051
3429
2812
755
415
797
359
786
3474
2379
3132
3513
1363
1453
2409
1743
928
1339
2089
3037
3321
229
2654
4007
2040
926
1840
2187
1024
1850
558
1220
2980
2387
2372
3781
3522
3998
2197
2181
1596
232
472
1728
2612
143
2990
0 0
