4096 100
1 2439
3 2078 2997 4039
3 1422 3935 680
1 2464
1 636
1 1429
1 3356
1 3862
1 1771
1 2302
1 1910
3 2681 2858 729
3 1920 196 3591
3 1527 726 2209
3 779 1163 1733
3 2281 1225 2423
3 362 366 1321
1 191
1 3510
1 3712
1 2463
1 3927
3 2919 1564 612
3 3378 2264 1645
1 1983
1 4038
3 3719 3630 2685
1 2507
1 1371
3 1951 803 1160
1 1727
3 98 3431 3471
1 2697
3 3830 3943 621
3 3280 973 3673
3 3552 58 3881
3 958 469 3688
1 3420
1 3698
3 376 667 780
1 1592
3 2561 1630 3482
3 2557 1783 2352
1 2274
3 3003 3955 3906
1 604
1 1393
3 3513 1987 786
1 3121
3 3650 3093 644
3 3237 3080 1580
3 1081 1905 2839
1 1028
1 1205
1 1368
1 2537
1 3728
3 36 930 3806
1 636
3 2759 1301 3922
3 702 417 1057
3 1289 3878 2139
3 1168 1820 3901
1 1264
1 3177
3 1130 2822 2025
3 3761 3282 4055
3 3098 2558 3920
1 572
3 3192 1012 230
1 1470
3 3759 2495 925
3 439 911 3149
1 3226
3 2215 3599 682
1 4032
1 2447
3 1071 2887 1294
3 3484 2884 1758
3 1624 1013 3692
1 238
1 294
1 2157
3 2806 355 3247
1 2131
1 2859
3 2928 1436 2487
1 3980
1 3458
3 749 3087 3383
1 721
1 2543
3 2749 1699 1972
3 3869 899 2234
3 3026 1673 3542
1 1051
1 989
3 1990 3596 32
1 3487
1 302
1 3906
1 2306
1 287
1 2894
3 1914 2477 3926
1 3336
1 2006
3 677 1757 227
1 1381
3 720 370 798
1 3718
3 1724 2609 3348
1 1783
1 2640
3 698 2404 200
3 2653 3473 2085
3 475 1331 3403
1 3957
1 915
3 1561 3205 1879
1 3037
3 2431 2159 1277
1 3046
3 3552 3834 3969
3 308 3682 2570
3 1698 968 3796
3 728 2345 1411
3 967 3097 1895
3 888 2944 388
1 1133
3 3002 506 286
3 3109 781 3839
3 1173 236 2075
3 1722 1497 3240
3 3299 1998 3376
3 1997 1511 1715
3 3930 1395 2592
3 2749 2240 2707
3 2569 1336 3200
1 3968
3 1232 3181 3763
3 2245 3335 1714
3 2143 2851 1120
1 3376
1 3379
1 1610
3 1130 175 3122
3 2197 2215 1845
3 2679 1707 3534
3 2835 2051 2699
1 707
3 2711 2184 1929
1 1928
1 3037
3 3397 2317 1970
1 4041
1 740
3 1702 427 1693
3 954 3740 3753
1 795
1 1006
3 2285 2653 3573
3 1813 3393 3724
1 2631
1 2708
3 247 1324 2917
3 3479 2203 336
3 3452 2228 3407
3 1839 3104 3548
1 292
3 1089 3476 3954
1 332
3 1561 3182 4070
3 2999 657 2510
3 147 1779 838
3 457 829 4074
3 687 774 924
1 542
1 2349
3 1927 763 2084
3 3923 539 1532
3 1701 340 1969
1 310
3 475 767 3799
3 3761 2643 2601
1 3070
3 1547 1038 4079
1 2944
3 470 1048 1635
1 2920
3 2394 18 193
3 3066 742 2555
1 191
1 3616
3 1766 3453 2142
1 13
3 2665 3520 3994
3 1355 242 2701
1 3685
3 115 2293 2553
3 3660 2392 1141
3 1048 1059 1782
3 1712 1797 3617
1 2649
1 3251
3 3652 3772 1584
1 609
3 2739 897 2353
1 1681
1 1869
1 3879
1 2978
1 2263
3 857 3076 1932
3 1412 3815 2052
3 3452 2561 2634
3 2208 3167 3997
1 3970
3 3774 587 2894
3 996 1244 3958
3 2310 2366 3923
3 2814 1050 234
1 1400
1 3866
1 3979
3 2328 2373 3397
3 108 2649 1993
1 317
1 416
3 70 2313 3059
1 731
1 498
3 2795 477 3194
3 222 3173 262
3 1363 3890 2218
1 133
3 2628 1553 3742
3 1595 81 3130
1 2849
1 2896
3 1145 2522 1842
3 198 3243 2121
3 771 3272 3475
3 974 345 2082
1 3016
3 2474 2582 1912
3 528 166 264
1 2420
1 610
1 844
3 2717 2208 3771
3 1958 2235 3110
1 1779
1 341
1 3996
3 2971 2042 3847
3 963 2257 2468
1 1037
3 2404 3564 2663
1 3045
1 731
3 234 1045 3277
3 2568 284 1898
3 247 779 1162
1 3793
1 3844
3 2973 1007 752
1 1351
3 1013 3861 3535
3 3408 2857 2482
1 3604
1 1983
1 3175
3 3702 444 3992
3 3207 2533 1462
3 3692 3020 277
1 276
3 2434 3442 2074
3 986 1753 2342
3 1583 1066 3725
1 1304
1 2547
3 2467 3885 2491
3 263 3108 3582
1 1190
1 131
3 2080 1544 103
1 979
3 1839 380 3664
1 3955
1 3884
3 2186 1186 170
3 2474 2572 1134
3 1260 82 3516
1 3365
3 3839 2302 614
3 442 823 1892
1 838
3 3430 1094 885
3 3301 2374 1366
3 2827 2716 3160
3 4011 100 2280
3 1230 2375 859
1 2132
1 1916
3 3985 3863 977
3 3179 1769 3522
3 659 407 125
3 3092 2525 2457
3 2622 183 820
1 3180
1 3063
1 431
1 2583
1 1643
1 2811
3 2128 735 228
1 2164
3 778 1663 3209
3 1225 2070 694
3 1251 626 2181
3 3342 3914 4026
1 3214
1 1408
1 3351
3 1058 2831 2222
1 618
1 2682
3 3421 2424 3825
3 2646 684 431
1 405
3 2534 3939 172
3 3185 2751 1513
1 1853
3 4048 1105 510
1 167
1 3544
1 2566
3 2796 909 2991
3 182 2665 1997
3 1769 2320 254
3 638 3918 3096
1 3356
3 1625 3460 3907
3 244 1841 3454
1 3887
1 3128
1 2642
3 943 3949 2587
3 817 2837 2288
1 424
1 3094
3 2928 3026 1433
1 1257
3 84 2114 2092
1 1062
3 1669 3144 3326
3 2022 3598 2591
3 1255 4056 2016
1 3190
1 1252
3 1997 17 2862
1 3114
1 3545
1 1579
3 17 3712 2044
3 1462 2432 999
3 2030 2287 3869
1 3225
1 110
1 1102
1 727
1 706
1 3124
1 3676
3 670 40 2549
3 2659 3691 2646
1 2766
1 661
1 289
1 543
1 1935
1 1449
3 624 3237 2013
3 790 3759 2176
3 3266 3876 585
3 3787 671 2153
3 129 2861 2528
1 1254
1 3980
1 1074
1 2950
3 2436 2989 4040
1 2860
1 2387
1 754
3 1225 1577 3680
1 1771
3 3967 3281 3378
1 3889
1 3290
3 3855 1670 2529
3 1894 712 2295
3 3369 1594 560
3 2047 331 1298
3 2807 2648 2462
3 308 3231 3316
3 2735 3810 3505
1 595
1 1344
1 1521
1 654
1 1157
1 3527
1 2880
3 1436 229 3807
3 61 843 1567
1 1320
3 3247 2852 3762
1 1792
3 3700 2924 3224
1 2902
3 2009 2282 3069
3 2839 1090 351
1 751
1 1110
1 158
3 878 1089 3719
1 2495
3 1005 1611 2883
3 330 313 1975
1 3478
1 1622
1 3665
1 1303
3 520 1372 2672
3 1172 2344 2279
3 3344 3570 3950
3 1861 73 986
1 1200
1 2771
3 1136 297 2318
1 3696
3 274 2223 1367
1 1586
1 3657
3 1548 2632 2619
1 2003
1 3147
3 3958 4057 3462
1 3262
1 3955
3 2257 3729 2001
3 3644 2160 2981
1 3909
1 1609
3 1241 176 1568
1 4053
1 1616
3 3739 2939 2773
1 2743
1 1473
3 3637 2952 2448
1 3568
1 1776
3 3486 3207 2657
1 3155
1 2314
3 37 3651 4050
3 3563 189 1258
3 3409 3184 1049
3 3730 611 3963
1 1841
3 814 1668 3604
3 2777 184 117
3 1607 2509 3315
1 233
3 1307 527 2485
1 1072
3 2162 1731 2742
3 864 1471 2850
1 2651
3 3352 3524 3187
1 2365
1 1743
1 2729
1 2654
3 1437 646 3077
1 2405
3 1548 1253 1964
3 1633 3483 709
1 1311
3 3659 1392 3135
1 3620
3 1906 2384 2938
3 2359 1810 3438
3 2289 1148 1546
3 835 3628 232
1 2810
1 1591
1 3136
1 2149
1 3813
3 1283 2210 1978
1 1263
1 131
3 2579 1325 2058
1 3778
1 3978
1 335
1 2302
3 1479 756 3607
3 3751 4046 3720
3 3201 2900 805
1 3227
1 922
1 2810
1 607
3 580 2719 3855
3 2328 436 2891
3 1583 949 2242
1 891
3 1512 1055 1221
1 884
1 3153
1 2506
3 478 872 4029
3 3602 2417 247
3 2013 3309 2144
1 2129
1 2865
1 1297
1 745
1 915
1 1556
1 1402
1 1882
1 3992
3 181 1719 2458
1 2390
3 2679 3464 1327
3 3710 178 1840
3 1706 381 1098
1 2237
3 1310 1549 994
1 2524
1 650
3 1677 2855 790
1 1042
1 1339
1 1987
3 1302 3405 597
1 912
1 961
3 2777 645 3121
3 1886 642 2010
1 3792
3 3129 1893 964
3 954 2265 2369
3 404 3735 3795
1 1007
3 2546 3042 1010
3 1846 2800 1101
1 583
3 1705 2332 1957
1 1393
3 1563 1489 2945
3 1685 660 740
1 799
3 3372 2348 2798
1 611
3 2119 1944 69
1 2420
1 770
3 4045 2624 2000
3 750 2036 1454
3 1715 2860 1961
1 3027
1 3633
3 1026 519 1785
1 3671
1 3296
3 1705 3851 564
1 3429
1 386
3 3929 2475 1288
3 219 730 1341
3 772 880 4047
3 1172 2271 923
1 2648
1 3729
1 2737
3 2659 4007 3515
1 2499
3 3687 2011 409
1 2695
1 552
1 2864
1 2956
3 2222 3616 2440
3 2564 3037 2631
1 4018
1 3054
3 2823 46 3789
3 2173 2444 953
1 2985
3 851 518 3547
1 2352
3 2563 2021 207
3 1886 249 3385
3 472 571 3531
1 23
1 2760
3 296 896 2520
1 2131
3 3145 2933 2711
3 2824 1365 3227
3 2466 327 1359
3 788 2179 1340
3 1919 984 1798
1 34
1 3434
1 3298
3 2952 384 2806
1 1332
1 321
1 3289
1 3824
3 756 1500 1429
3 1874 1394 1524
1 1027
3 2151 3357 2937
1 685
1 3417
3 3093 2028 750
3 3098 5 59
1 3786
3 991 342 3793
1 1189
3 3779 1418 1935
1 4087
1 556
1 2003
3 50 2973 4030
3 555 934 3053
3 488 3019 1377
3 3602 3179 2434
1 1408
3 3558 1184 3214
3 3508 3341 547
3 3185 3549 983
3 2194 777 2067
1 2783
3 1885 412 2469
1 2737
1 3530
1 174
3 4067 1259 1868
3 1785 2679 308
3 568 3919 2453
3 4037 732 379
3 2209 1741 706
3 2090 1412 2535
3 3220 1589 3123
1 2053
1 1263
3 40 1439 2654
1 2793
1 3620
3 1026 2694 376
3 387 2628 1919
3 1034 3687 1092
1 2689
1 2167
1 2334
3 2368 688 3109
3 2261 3774 108
1 3319
3 1069 2138 1600
1 3
1 3970
1 75
1 3436
3 330 1652 3305
3 1525 633 1691
3 3908 4081 713
3 2551 177 1933
3 676 3255 1181
1 4077
3 3520 3512 2443
1 1374
3 1379 1338 2465
1 2678
1 320
1 1166
1 933
1 1304
3 3650 3396 115
3 2492 3078 2106
1 2529
1 3073
3 1683 1203 61
1 1368
3 2713 3686 1994
3 3984 772 3161
3 662 2794 373
3 2534 151 1176
1 3175
1 491
1 1286
1 3634
3 403 1724 2518
1 686
3 3921 3371 3332
3 831 1629 2020
3 2176 773 2308
1 2693
1 1082
1 2372
3 1258 110 3896
3 2025 91 2455
1 925
3 3563 1526 3299
1 751
1 1787
3 14 1856 1260
3 3891 3589 372
3 2862 2498 127
3 12 3155 4080
1 587
3 2839 261 231
1 661
1 2959
1 1641
1 317
3 2952 757 2281
1 1057
1 3971
1 3172
3 568 2912 157
1 2849
1 192
1 1391
3 2123 2547 2810
3 1989 533 2232
1 2428
3 1679 1541 3717
3 1114 3427 3706
3 1793 90 2708
3 635 2893 576
3 3849 425 724
3 267 1292 1984
3 1366 4028 1476
3 3915 396 3334
3 1302 3709 3781
3 512 629 1032
3 736 947 3854
1 2269
3 2251 1585 2473
3 1118 2637 1130
1 2219
1 3298
1 180
3 2200 1781 2581
3 1623 1983 3171
3 1698 1278 2848
1 184
1 3279
1 3517
3 957 574 2788
3 958 3308 243
3 705 3970 588
3 716 1482 2726
1 177
1 2710
1 1775
1 652
3 1722 319 2104
3 264 2524 15
3 40 3665 3653
3 132 1927 1468
3 1328 2563 3280
1 2318
3 3533 1572 2493
1 2166
3 48 3470 960
3 2394 3574 3058
3 2410 3175 619
1 3701
3 548 385 3578
3 1404 4087 2343
3 2796 3333 3893
3 1934 3734 1215
1 885
3 1760 160 3623
1 1970
1 1452
1 110
3 2380 2908 569
1 3592
1 1296
3 2733 2682 3812
1 30
1 2201
1 514
1 2497
1 2840
1 1343
1 969
3 1715 1402 2147
1 3793
1 1254
1 2248
3 3413 2922 474
3 2389 2190 4058
3 3507 908 1658
3 1667 350 3119
3 3409 1269 2116
1 2932
1 310
1 3813
1 2804
1 297
1 2149
1 1197
1 3345
1 1296
3 1237 3491 1382
3 176 3990 3118
1 2906
3 2940 3996 715
3 2246 1578 991
3 1748 2873 1626
1 2396
3 1538 1344 498
1 3039
3 1861 2671 2979
3 175 298 3538
1 3172
1 2298
3 3938 3606 3584
1 2440
1 417
3 3161 250 1730
1 2865
3 2713 3782 1900
3 1497 3328 2590
1 3288
3 1677 1855 1917
1 956
3 4030 607 3867
3 3240 1381 2326
1 3758
1 1196
1 1945
3 1732 871 2753
3 3213 2941 214
1 1205
1 303
3 2402 1716 2792
3 2457 1817 2811
3 2639 3125 3715
1 1961
3 2719 481 1246
3 2546 2940 3353
3 3700 3838 1728
1 4038
3 1587 2731 2593
3 4048 1992 3322
1 3527
1 856
3 527 963 2690
3 3540 921 3239
1 3829
3 3508 1222 3983
3 3035 1627 3424
1 1027
3 2855 2521 428
1 1025
1 588
1 3056
1 3902
1 3046
3 967 2754 524
3 299 794 1968
1 2144
1 1500
3 3578 1069 129
1 2198
3 2822 1774 4094
3 1904 522 1314
1 2782
1 3741
1 3418
1 1381
1 614
1 208
1 2044
1 94
1 1556
3 3287 2595 1818
1 2083
1 3077
1 2219
3 3003 3458 3764
3 1948 1061 2797
3 3717 2251 1282
1 816
1 339
1 2355
3 73 3494 1875
3 2672 3067 553
3 3511 1698 3821
3 2744 3158 2309
3 1856 534 119
1 3394
1 2567
3 2725 4016 1194
3 2533 1751 3399
1 3523
1 873
3 2392 3731 516
1 589
1 177
3 72 722 2035
3 1606 1894 3352
1 1916
1 1998
3 1167 2158 2241
1 58
3 3137 2040 3836
1 3436
3 1124 2059 696
1 645
1 1878
1 2365
1 3778
3 2436 1910 1726
1 2765
1 3039
3 3179 1710 3908
3 2666 2608 3082
3 1709 349 3153
1 1898
1 3295
3 1237 4049 2842
3 757 951 2200
1 4080
3 521 2387 2935
1 3027
3 947 1431 3909
1 2907
1 605
3 2468 159 559
3 2388 1026 3486
3 2381 850 3679
3 1578 770 2198
3 2197 37 771
3 2027 3217 3501
1 786
3 2961 1977 554
3 2657 2389 3540
3 872 257 3287
1 558
3 2918 1193 3268
3 1227 1701 1832
3 3702 884 128
1 126
3 2666 3010 809
1 1107
3 2641 2796 2998
3 3431 1320 1835
1 35
3 1215 2012 244
1 2065
1 3886
1 306
1 1496
3 3062 288 1851
3 2128 1695 1876
1 2185
1 2935
1 651
3 620 2438 1153
1 3365
3 439 279 3912
1 2863
1 2479
3 3514 1938 97
1 2165
3 832 3421 638
1 2338
1 4036
1 545
3 1696 3568 2583
3 1215 220 1587
3 2827 2476 1750
3 1788 1003 1516
1 367
1 2165
1 1745
1 3315
1 998
3 1742 2212 2542
3 1052 3721 430
3 4074 161 1963
3 267 2442 561
3 3787 1479 1355
3 3103 3517 2219
3 562 1022 3372
1 4041
3 70 1943 1685
3 80 3045 269
1 1133
1 2355
3 2477 2362 1523
1 3698
1 2935
3 2888 2297 1166
1 3198
1 3411
3 1010 2678 2413
3 3498 1852 3117
1 1470
3 3498 879 1326
3 955 580 670
3 2614 631 877
3 1412 53 2680
1 2180
1 3319
1 3504
3 756 2083 2896
1 3773
3 1046 1860 672
1 1878
1 2916
3 1321 2481 258
1 187
3 2293 2817 1806
3 1528 1318 3938
1 2941
3 2917 1350 549
1 2697
1 1580
3 262 1525 3075
3 2146 3868 1034
1 3419
3 189 202 2248
1 471
3 222 2030 3984
3 2722 2239 96
3 3717 2984 1005
3 3984 1485 2245
1 3678
1 523
3 1089 1756 1080
3 61 737 3757
3 3529 326 1313
1 202
3 2579 2819 3733
1 906
3 2194 3052 356
1 3847
3 3448 3773 2899
3 4007 4003 2447
3 280 3626 3036
1 2298
3 1897 1289 1071
3 888 1641 679
1 2005
3 1068 3750 78
3 1708 479 3593
3 4029 4014 3413
3 1462 391 3146
1 2963
1 3168
1 1094
1 2108
3 1241 1123 2564
1 1056
3 2153 2723 52
3 1762 718 1217
1 2529
1 1138
1 1504
1 2976
1 3367
1 1713
3 428 1056 171
1 424
1 3688
3 672 3296 2695
3 2041 1097 3790
3 299 2747 1077
3 3533 3446 1814
3 1797 2277 3086
3 1093 1521 3304
1 543
3 3119 3904 1234
3 2254 3345 1414
1 563
3 2119 371 3088
3 3484 1925 4036
1 3916
1 335
3 2399 2347 4018
3 3833 1281 970
1 3309
1 2997
3 2699 426 2635
1 2884
1 2567
1 2731
3 2327 1945 748
1 1484
3 2919 1949 2419
3 3116 3128 3090
3 2814 1527 760
3 2701 3063 3226
1 143
3 3297 1492 1746
1 1271
3 1079 1705 4037
3 2225 2002 933
1 3536
1 3990
1 3110
1 3632
3 1227 2039 2388
3 760 66 147
3 2310 3552 1435
1 3242
3 1732 1014 130
1 293
3 2536 1518 2758
3 1229 3218 442
1 2946
3 1789 1084 2406
1 3726
1 2771
3 201 2745 2804
1 3689
1 1664
3 2610 1202 2728
3 1493 241 2004
3 1520 2551 4090
1 1586
1 497
1 2691
1 3867
3 1679 1936 2221
1 2438
3 984 3898 1268
1 2385
1 2932
1 2894
3 1240 1542 413
3 3540 2951 2846
3 2694 1379 3344
1 30
1 3618
3 264 3900 2880
1 15
1 3585
3 2285 3739 3857
3 1019 695 1399
3 3524 4092 929
3 4007 63 2729
3 3770 3360 3859
3 3283 3098 2919
1 2456
3 2525 437 589
3 1696 2916 133
3 4045 1849 3749
1 3094
1 707
1 2915
3 1317 3152 1495
3 2381 1224 2548
1 1618
3 688 3006 3702
1 2480
3 2368 3092 1634
3 649 3443 3932
3 3575 1689 1192
1 292
1 2464
3 3002 3670 2645
3 3040 1911 639
3 3659 3933 285
1 3635
1 1185
1 965
1 918
3 3926 3666 1474
3 2969 2886 854
3 1843 1236 825
3 3442 1795 3449
1 1204
3 1451 440 3310
3 3982 2537 4015
3 1144 3496 3437
3 702 2826 2771
3 2047 1199 2673
3 1737 54 858
3 2761 3831 1364
1 3435
1 3423
3 3855 1664 3418
1 2507
1 3361
1 2188
3 3398 3022 1559
3 3745 2050 2712
3 793 974 996
3 1922 3640 4073
1 1082
1 2693
1 1400
1 2447
1 523
1 875
1 3327
1 1179
3 16 397 320
1 1385
3 2439 1129 966
3 4010 3583 2236
3 3354 3513 1136
3 2831 303 2864
3 1917 3213 3260
3 1380 141 2391
1 3922
3 1099 2496 3973
1 1970
1 1197
3 1526 946 828
3 4086 3658 1343
1 1864
3 2226 1157 3290
3 1990 457 1079
1 3177
1 1256
3 220 2863 3778
3 4078 2110 3784
3 864 2017 1605
1 3914
1 1726
3 2288 2983 1291
3 1856 2008 2588
3 3353 321 3525
3 2374 361 1678
1 490
3 2966 389 812
3 3430 3251 359
3 1708 3415 1243
3 1788 354 3999
3 470 720 1930
1 658
3 726 294 3998
3 1763 2053 2651
3 2431 2063 1981
3 1512 505 666
3 4067 2993 64
1 3681
1 2156
3 3163 3874 2207
1 1153
1 818
1 4092
3 2324 1122 1913
3 3207 3479 3508
1 3693
3 2221 3402 1920
1 1551
1 2893
3 122 3968 2131
1 766
3 2831 4096 3768
1 2516
1 1107
3 907 4033 2497
3 3854 504 2379
1 3902
1 3688
3 3243 3204 710
3 3451 1676 3871
1 586
3 1068 2005 62
1 1559
1 1249
1 752
3 2641 2713 3514
1 78
3 2397 2926 3571
3 3692 801 827
3 1848 3962 532
1 405
1 3658
1 2387
3 60 2781 4085
3 2785 755 552
3 3209 2856 435
3 2672 697 281
1 3208
3 3723 1607 1793
3 4008 478 1651
1 2859
3 3299 3940 3674
3 1538 545 1362
3 3253 492 2122
1 2002
3 1058 3730 2720
1 891
1 2180
1 3978
3 3774 3980 1178
3 1040 3728 3133
1 1456
3 972 3934 418
3 17 3541 1037
1 2565
1 3689
3 166 2418 3964
1 507
1 1025
1 541
3 3803 3448 782
1 2018
3 1897 1706 2878
1 117
3 3555 625 1494
3 3281 2202 3197
3 1376 2333 2471
3 3745 2638 2435
1 139
1 3786
1 692
3 3677 550 3888
1 619
1 587
3 1485 4076 2715
3 1238 808 1486
3 835 410 1721
3 1930 1427 4013
1 2054
3 1936 3040 3035
3 1724 2437 2337
1 3773
1 1042
3 1927 268 3856
3 2595 3610 3455
3 2098 3323 2037
1 3678
3 1008 2928 198
3 3529 1914 3105
1 1967
3 3014 1514 2214
1 618
3 3312 1965 1380
1 1937
3 1310 2538 1768
3 1793 2180 235
1 1206
3 617 3265 1955
3 300 753 1725
1 444
3 2662 55 703
1 1398
1 2061
3 2027 3317 29
3 436 2693 3420
3 2999 3432 4059
3 2208 691 2076
1 1439
3 1860 2427 1334
1 646
1 2870
3 1159 692 2783
3 1360 1232 1711
3 852 109 895
1 828
1 2189
3 2041 2961 3266
3 2878 1226 3974
1 2765
3 1404 2642 3363
3 2289 3489 1899
1 2906
1 2963
3 1604 2211 743
1 493
3 3695 47 566
1 630
1 137
1 2418
1 3653
3 3122 1369 1419
1 1166
3 3129 1219 223
1 2031
3 810 3261 536
1 1891
3 1919 1387 791
1 1594
1 3411
1 3728
3 1981 648 324
3 3942 3860 3738
3 3277 3043 3663
1 127
3 663 1028 215
1 3721
3 1100 4062 2319
1 2565
1 1507
3 3407 3178 3693
3 640 2112 3481
1 1398
1 3884
1 2648
3 2468 3 2840
1 3285
3 3116 2976 3084
3 2922 3667 2990
1 4053
1 1345
1 1456
3 629 6 3714
1 4003
3 951 1940 3977
3 3734 3257 3331
3 353 1982 3536
1 3274
3 1131 2402 2055
3 87 416 3379
3 2914 2827 488
1 3347
3 667 3627 1375
1 3886
1 1609
3 3243 2738 3346
1 3729
1 1459
3 3565 3150 1591
1 2390
1 2002
1 3590
3 1815 383 1619
1 3900
3 3553 1200 3487
3 2028 3127 797
3 3281 3248 2238
1 576
1 3844
3 3014 1319 1428
1 3510
3 1568 2843 3233
3 3238 2606 1444
1 2651
1 3845
3 275 1074 367
1 3429
1 3834
1 2334
1 2743
3 2422 3005 3142
3 781 3592 2499
1 3685
3 3026 1024 71
1 481
1 3477
3 3066 2584 462
1 1195
1 3741
1 753
1 1668
3 1502 2199 2312
3 1008 512 3132
3 2389 2746 3112
1 3343
1 773
1 2340
3 2287 1115 3245
3 1053 1342 3698
1 1343
3 2549 2420 3016
1 1869
1 567
1 1787
3 3691 2349 2630
1 1121
3 3868 1145 1789
1 1332
1 1178
3 3507 2838 978
3 134 847 3060
1 2881
1 2263
3 629 2580 887
1 2145
3 3640 1478 2396
3 3149 2494 3030
3 1710 1986 1085
1 1991
1 1569
3 1907 1416 1736
1 1928
3 2069 3588 1976
1 2443
3 136 1839 3837
3 1763 523 1263
1 333
1 1358
1 1725
1 998
3 1684 2470 2346
1 1135
3 3442 2953 3011
3 2315 2812 1146
3 1097 411 3975
3 2533 3823 3389
1 1016
1 630
3 1045 2550 685
3 723 1702 1237
3 1118 3174 14
3 2268 1597 1040
1 3349
3 2969 3816 2367
1 2892
3 181 1838 3273
1 3321
3 2823 3024 3587
1 2427
1 3296
3 3891 3250 2216
3 2221 835 1310
3 1821 3329 3614
1 2382
3 747 1696 3925
1 1157
1 2398
1 287
1 3022
1 497
3 2217 3656 187
3 2104 490 447
1 545
1 2428
3 2183 1275 2670
1 2593
3 237 2956 3872
3 3695 2256 1573
1 2274
3 3318 900 535
1 2253
1 2956
3 1213 3457 1290
1 2107
3 2973 120 173
1 2511
3 1623 3083 567
1 23
1 2871
3 3255 2143 3183
1 417
3 457 1458 2137
3 2653 1909 1506
3 1648 2844 2329
1 1835
1 784
1 1554
3 1712 2467 3710
1 2593
3 3240 3295 2995
1 397
3 832 957 1979
3 3775 365 3944
3 51 2356 1044
1 3478
1 2509
3 3683 280 521
1 206
1 759
3 2159 1147 445
3 996 868 2445
1 2053
1 664
3 3397 1775 3523
3 1445 3828 500
3 3514 3550 41
3 2467 1826 3140
3 404 1405 3138
3 2891 238 2644
1 2326
3 1528 3220 2579
1 2826
1 3447
1 679
1 4015
1 3517
3 2012 2263 2859
3 1801 1391 3681
1 1246
3 1701 926 2544
3 1306 2186 476
1 2552
3 3573 456 1441
3 2152 2901 146
1 430
1 2560
1 3845
1 2418
1 3986
3 1930 459 2574
1 2440
3 2752 1180 2925
1 1449
1 3564
1 2630
3 3157 2154 433
3 1632 1563 765
3 1855 1941 80
3 3607 2892 344
1 833
1 876
1 2479
1 715
3 42 2403 2400
1 1670
3 2153 2971 1623
3 2701 491 2048
3 1183 3511 3301
3 189 3620 2365
1 2259
1 2625
1 3756
3 1785 3677 3575
1 3887
3 1069 2650 734
1 3963
3 1818 3503 315
1 2347
1 24
1 2658
3 2733 3126 3208
3 3187 2405 1570
3 3526 2472 3009
3 4008 3637 1662
3 1307 3286 1934
1 684
1 2656
1 2167
1 1998
1 3924
1 3438
1 816
1 3090
3 3994 1891 3813
1 3072
3 1650 2368 3374
3 319 4004 3143
3 1209 2732 1143
1 3936
1 3242
3 2351 2641 817
3 474 3649 1477
3 2261 357 1958
3 402 3199 1631
3 3456 2833 3307
1 3662
1 95
1 3153
1 3126
1 1287
3 1832 849 548
1 1252
3 2485 1151 747
1 2048
3 2933 2897 209
3 3408 2531 1807
3 3683 3395 702
3 2671 1692 1517
3 1012 3849 568
1 2311
1 2349
3 3145 4067 2098
1 1185
1 2195
1 685
3 1684 3910 2361
1 158
1 2586
1 980
3 1541 1173 995
3 2966 2033 3176
3 913 766 126
1 93
3 2078 3319 3959
3 966 182 1606
3 1526 158 2224
3 3520 3903 2003
1 2484
3 1123 583 565
3 1330 2195 543
1 149
3 2549 1072 1256
3 3173 3014 943
3 941 2132 1504
3 1380 3947 1727
3 3092 1574 203
3 2933 1088 1777
1 142
3 136 810 577
1 860
1 1866
1 3291
1 539
1 4033
1 1344
3 2799 778 134
1 3447
3 712 1348 112
3 1366 2962 1515
3 938 2093 1248
3 1711 31 3805
1 866
3 3287 2500 1948
1 844
1 480
3 2671 1133 856
1 15
1 2776
1 3466
1 1507
3 3515 3241 1205
3 3255 2128 3991
1 2178
1 3867
3 662 2478 3899
3 2257 2018 1004
3 1815 485 3467
3 2012 1877 1916
3 1762 1001 3495
1 1121
3 1760 2514 3559
3 2862 2463 833
3 2441 3845 3545
1 997
1 919
1 1903
3 279 2103 1962
1 3468
1 3227
1 1056
3 108 1853 2790
3 79 2231 3120
1 1776
3 2404 795 1747
1 2964
3 3471 1082 1745
3 2717 1261 1512
1 2409
1 2224
3 1965 195 1811
1 2061
1 1362
3 307 2079 341
1 2118
3 3821 398 9
1 2489
3 3173 2394 2662
1 890
3 1590 3877 776
3 2423 1759 465
1 1713
1 2148
3 175 2957 253
1 2178
1 764
1 202
3 43 2847 113
1 2462
3 580 1639 659
1 2342
3 2711 725 1490
3 3101 998 1257
3 1493 2689 1138
1 1933
3 3353 3844 1864
3 2911 420 3390
3 1306 749 1363
1 2086
1 1198
1 3422
3 203 1096 3411
3 620 3924 3504
1 2941
1 2519
3 2835 2613 1604
1 2114
1 3482
1 3681
1 3417
1 1039
1 1682
1 2311
1 1875
3 496 3439 1837
3 1766 2808 3115
1 2237
3 3966 163 3147
1 1095
3 2634 1449 1743
1 3077
3 861 2276 1827
3 901 3225 1643
1 3420
1 63
3 3640 1539 2340
1 1864
1 2899
1 2109
3 2137 3551 2603
1 1593
1 1817
1 3279
1 2776
1 3241
1 4032
3 966 1677 2636
1 2860
3 2940 3136 2567
3 972 3444 1571
1 3780
1 1810
1 1532
3 1511 289 169
1 542
3 345 2459 473
1 241
3 2373 3609 1197
1 3233
3 148 3814 3510
3 3257 3466 563
1 3441
3 1988 2168 1297
1 1174
1 3228
1 979
1 1023
3 1757 334 3572
1 2678
3 849 2227 1624
3 726 1250 915
1 1925
1 4004
1 2804
3 1034 2080 1376
3 1969 439 837
1 2398
1 2552
3 1791 1239 1822
1 2825
3 2330 1717 2834
1 3544
1 658
3 3926 210 1488
1 2124
1 2452
1 2959
3 2813 1996 1946
3 3779 630 2907
3 911 3406 1809
1 980
3 1744 2784 2150
3 3841 1035 935
1 120
3 1965 2718 2428
1 3136
3 3921 3256 537
1 2708
1 2626
3 2785 654 2031
3 3607 556 610
3 2228 2109 3986
1 1982
1 3219
1 3768
3 1660 1403 3981
1 297
1 558
3 926 403 2431
1 128
1 3656
3 1917 1330 1068
3 263 2294 944
1 1388
1 846
1 3648
1 3018
3 3210 1752 2430
3 2366 3488 891
3 52 3275 3349
3 2225 495 2385
3 3395 3897 1507
1 3621
1 1569
3 938 11 2504
1 1189
1 246
1 1271
3 1356 105 3003
1 2354
3 1744 305 927
3 849 1231 1897
1 2575
3 671 1404 620
3 1274 2660 13
1 2413
3 4029 1216 3340
1 3721
3 2772 2167 3172
3 1103 1857 2970
1 3111
3 781 1351 180
3 2380 1508 153
1 152
3 1258 1616 1345
1 1933
1 214
3 687 1790 1931
3 1651 2351 793
3 640 2089 382
3 1151 3783 1347
3 2961 1361 2600
1 989
1 3969
1 1431
3 1624 2911 2795
1 3196
3 1012 3800 4048
1 572
3 1114 855 2233
1 1873
1 3229
3 1729 3873 906
1 1116
1 3118
3 2971 30 2575
3 2339 2460 3291
1 3604
1 2727
1 1365
1 4015
1 565
3 1669 252 2724
1 2995
3 2069 2323 3852
3 577 2300 863
1 1753
1 1006
1 490
3 1360 1880 1766
1 2005
3 3719 2904 1357
1 885
3 182 3254 1861
3 155 1235 796
1 2706
1 93
1 3564
1 3423
1 431
1 1509
1 961
1 504
3 1578 3741 2946
1 2064
3 1262 1408 2605
3 1433 3017 1888
3 765 25 272
1 752
1 2438
1 1504
3 48 551 2007
3 3660 1848 4045
3 2557 3429 745
3 3624 98 1241
3 4044 3875 1505
1 869
3 227 2163 2252
1 704
1 2892
1 1873
3 340 362 136
3 135 1655 928
1 2664
1 575
3 453 2931 2965
3 1124 1447 1312
3 1703 643 448
3 1145 2867 2674
3 1289 1070 1966
3 3543 107 2545
1 1987
1 1250
3 2772 423 3497
1 556
1 595
3 974 1603 1744
3 384 3891 529
1 2077
1 3314
1 359
1 1246
3 1742 1329 2755
1 2626
1 715
1 609
3 3601 358 2950
1 3530
1 3190
3 66 3527 721
1 4026
3 3565 1371 959
3 635 1452 3701
1 2443
3 1050 2777 368
3 1885 4069 1401
3 2137 2117 2284
1 1697
1 2379
1 925
1 576
1 1353
3 2251 2412 3586
3 1129 3624 3787
1 931
3 2268 1093 1384
3 256 3611 2633
1 2118
3 366 3244 898
1 3965
3 2979 2760 3722
3 2521 405 1204
3 1633 1680 2301
1 3959
1 1214
3 150 3070 2425
1 215
3 1261 665 1588
3 2878 1346 4075
3 1435 3544 2253
3 3093 2692 4078
1 3150
1 507
1 933
1 2627
3 3165 1370 1767
1 3328
3 1262 2382 3978
3 3157 1980 4009
3 2183 975 3744
1 2840
1 652
1 2968
3 3730 1509 1960
1 320
1 3241
1 2885
3 3578 2749 3391
3 278 3632 3648
1 133
1 1374
3 3617 2576 2014
3 2090 1700 2
3 1769 2748 3608
3 1860 3911 287
1 2896
3 244 2586 2565
3 1032 2845 902
1 180
1 116
3 3526 1794 2450
1 2135
1 2108
1 1935
3 2665 2078 663
3 2281 4011 2569
3 355 4019 3699
1 1726
1 3523
1 3626
3 3042 2135 3436
1 2484
3 1688 2543 1353
3 2215 2229 3928
1 3497
1 3853
1 2519
1 1753
3 778 1548 2836
1 2201
1 699
3 2917 1560 2890
3 2242 1078 2088
3 1887 3645 1824
1 1245
1 3133
1 1418
1 3609
3 355 1802 2903
1 4040
1 818
1 2032
3 3837 2043 1770
3 3445 572 1102
1 4004
3 242 3057 3889
1 1311
3 3643 744 3066
3 3567 1870 3492
1 2843
1 2340
3 3751 3791 2299
3 1738 317 980
3 2615 3358 530
1 3545
3 1277 85 615
3 1710 3366 304
1 3419
3 2891 4053 2697
3 2096 2087 2363
1 3057
3 1568 2032 1825
1 679
1 62
1 2296
1 3276
1 195
3 1566 4041 143
3 529 3987 886
3 3402 2683 1501
3 3374 1046 2328
3 810 2204 2370
3 3771 1778 2336
3 4011 502 824
1 1877
3 3237 2296 632
3 3260 2871 1610
3 387 1632 1081
1 1622
1 2727
3 3612 1266 3746
3 2518 3222 83
1 929
3 122 1586 3957
1 454
1 2452
3 4090 2178 480
1 1993
3 3035 318 2267
3 3908 1000 990
3 2500 785 3755
3 1924 1654 674
3 1848 3387 2789
1 3957
1 3879
3 2858 3034 3684
3 3742 2192 3166
3 3513 4077 605
1 2524
3 3925 2656 3748
3 385 716 3297
1 3674
3 2162 1739 1780
1 619
3 1363 1029 1315
1 321
3 2254 2691 2958
3 2888 2065 1551
1 152
3 3930 3579 981
3 1607 3394 292
1 3965
3 2868 1212 3605
3 3948 1383 2433
1 815
1 3539
1 2172
1 3308
3 2824 1062 652
3 1706 1690 2736
1 3646
3 3254 958 148
3 957 2805 889
1 1478
3 947 764 2511
3 2927 804 2105
1 1333
1 167
1 2147
1 2871
1 2790
1 1267
3 251 217 1374
3 14 3659 662
1 504
1 1391
1 1004
1 2347
1 1358
3 148 75 2099
1 1537
3 3306 1547 4044
1 235
3 1009 904 761
1 3638
3 1151 1274 1538
3 326 600 3708
1 444
3 1702 1765 4025
3 2227 1906 1124
3 3340 1240 3915
3 1855 2225 2410
3 168 3157 1887
1 2099
1 3425
1 1758
1 745
1 1945
1 94
3 252 3013 3102
1 1228
3 2397 544 1812
1 1453
1 1051
1 138
1 929
3 521 2959 2108
1 3193
1 3947
3 1053 142 2964
3 2351 3283 832
3 3132 3761 3409
3 1048 3822 813
1 2499
1 3327
3 907 759 2038
1 1993
3 2055 2426 1557
3 3643 1100 2182
1 3363
1 1554
3 257 1742 453
1 3904
3 2446 1636 3743
1 3657
3 3625 677 1669
1 3435
3 1603 1499 213
1 24
1 559
1 2325
1 2164
3 3486 2041 1528
3 2922 2358 758
1 3616
1 589
1 2342
1 3653
3 3790 44 1555
1 3036
1 1817
1 1096
3 3734 2610 3151
1 437
1 302
3 736 2091 16
1 423
1 3873
1 2032
3 2290 162 1165
1 3054
3 368 1484 2640
3 350 2560 1249
3 3691 497 1388
3 2544 3554 2285
1 3777
1 3909
3 200 2526 1039
1 1898
3 403 2761 2918
3 2151 2486 2140
3 1019 4065 2930
3 2330 840 1067
1 2127
1 1961
1 2048
3 296 511 10
1 3225
1 3143
1 2907
3 2500 3639 102
1 3400
3 716 2505 3675
1 914
3 2315 221 1131
3 3450 1686 1808
1 1478
3 230 3253 2534
3 3895 468 3350
3 3286 1520 2310
1 2920
3 155 4020 3252
3 442 3835 783
1 1414
1 341
1 3111
1 3073
1 1960
3 2521 1271 3590
3 2837 2802 2266
3 852 1596 3169
3 3868 1114 2604
3 2146 226 520
1 1570
3 3059 2298 1866
1 3634
1 565
1 1334
3 3391 675 1465
1 4039
1 2148
1 1348
3 2622 992 3440
3 3301 1952 3704
3 1821 2126 1483
1 3211
3 279 1786 2272
3 791 2977 2830
1 437
1 127
1 1517
3 1106 2213 1644
1 570
3 1491 179 1687
1 3541
3 1934 2246 1667
3 43 2709 608
1 208
3 3326 4034 1915
3 3567 1015 910
1 1580
1 2605
1 2269
3 3554 3238 496
3 3238 4088 2661
1 1692
1 1016
1 2135
3 3303 2381 3830
3 1635 484 936
3 221 3567 1904
1 1530
3 1662 1183 676
1 559
1 2147
1 4077
3 3075 3068 719
3 226 1843 3700
3 300 1252 3671
1 303
1 3295
1 3557
3 2535 3246 3459
3 1283 2034 2801
3 2410 799 1928
3 2364 1179 956
3 2063 2943 1540
1 3351
1 495
3 1906 3972 1154
1 3274
3 949 395 1300
3 1129 955 3055
3 962 1480 815
3 3991 1446 540
3 1232 4083 3324
3 201 922 3676
3 3617 2508 2996
3 1773 787 191
3 2402 3041 3368
3 1502 2767 834
3 3925 2237 1295
3 2692 1862 1543
3 3105 3377 1106
1 1630
1 3500
3 1435 860 2395
1 1630
3 115 1760 259
3 1648 489 3294
1 1138
1 3490
1 2885
3 3704 1764 3235
3 2227 788 2380
1 3211
1 2038
3 1022 3029 1921
1 3992
1 3990
1 3998
3 528 4086 2568
3 1324 1614 1396
1 1116
3 1487 248 573
1 2731
3 4073 1467 4032
3 16 1776 2737
1 329
3 2051 3412 3766
1 2253
3 1376 3106 1535
3 1880 746 1550
1 3718
1 1903
3 1894 1262 122
1 367
1 2189
3 647 4001 278
1 1335
3 4014 938 393
1 1348
3 984 1152 1985
3 1 1227 4008
3 600 842 1617
3 2694 1749 3937
1 1007
3 690 2029 1510
1 605
3 1587 3621 3111
3 3854 3274 2259
3 1065 77 1220
3 463 3563 3452
1 2893
1 2086
1 3872
3 3318 2161 1871
1 660
1 2782
1 721
3 3833 1171 3776
3 309 861 3727
1 539
1 1841
3 1952 3802 3330
3 3817 2517 4031
3 406 1784 2556
3 1748 21 3858
3 2998 1187 4
1 692
3 3783 618 3039
3 1574 1593 283
3 257 954 1422
1 654
1 1517
1 1334
1 1649
1 759
3 2610 293 246
1 586
1 997
3 105 2902 1016
1 1741
3 2836 1628 988
3 3804 2740 1182
1 1037
1 270
1 3126
3 3790 2097 1704
3 478 1679 3650
1 2296
3 87 3367 2489
1 3834
3 2487 1772 2577
3 3956 3537 3007
1 283
3 4066 3792 699
1 784
1 1503
3 72 429 4035
1 1234
3 1282 806 3465
3 728 3707 3065
3 1468 2249 594
3 1729 2166 2306
1 2880
1 3663
1 3148
1 1910
1 2308
3 2735 3047 526
3 3364 1210 28
1 2393
3 476 1582 3485
1 174
3 2200 2778 1562
1 3500
1 3487
1 1747
1 3171
3 2724 1280 4002
1 2461
3 712 3361 2157
3 2613 1800 2102
1 614
3 878 2047 2324
1 241
1 3090
3 779 2174 546
3 309 4010 1172
3 2293 4027 3760
1 3214
1 388
3 402 1083 700
1 3178
1 1682
1 3016
3 275 919 1522
3 2313 707 332
3 663 2378 3864
3 3151 1135 3718
3 1201 56 3339
1 1362
3 3644 3827 3580
1 2695
1 3347
1 1004
3 2098 92 2704
3 1606 3723 2290
1 2006
3 3192 865 562
3 744 282 2562
1 1179
3 376 1708 1487
3 1525 3850 2705
3 1146 687 2666
3 2836 1863 1608
3 200 3114 3190
1 3314
1 192
1 2462
3 3132 43 1989
1 68
1 3228
3 2288 2602 1612
3 216 42 3364
1 2547
3 782 609 3298
3 1079 601 2725
3 2082 1322 1415
3 3075 4082 338
3 1834 1112 917
3 2417 263 3264
3 2091 139 2849
1 125
1 2864
1 293
1 3889
1 1616
3 1951 2675 1918
1 2077
1 2489
1 3712
3 1597 1060 507
1 1500
1 764
1 246
3 995 3300 314
1 1473
1 4080
3 2082 1694 2934
1 349
1 1250
1 3193
3 847 2882 3032
1 358
1 137
3 868 1552 1575
1 2605
3 901 3561 1352
3 3103 2766 2617
3 2723 3279 3441
1 3635
3 3218 3945 3021
1 1937
1 185
1 2560
1 1825
3 2327 3758 3786
3 1981 2357 2594
1 1459
1 2780
1 942
1 112
3 2278 2474 1144
1 3488
1 2997
3 1801 3477 2519
3 3515 2825 1027
3 3257 2129 3713
1 3494
3 2596 4084 2821
1 3633
1 447
1 2682
1 3494
3 3059 310 2338
1 3057
1 575
3 2662 3690 1637
3 3522 2019 1884
3 3320 2060 4052
3 671 3779 237
1 3873
3 1491 1621 3313
3 601 2702 164
1 447
1 2042
3 216 3555 1815
1 1110
3 1832 2799 3602
3 760 2888 4066
1 1335
3 3331 3234 862
3 2287 114 3048
3 1667 971 1293
3 1387 348 2820
1 185
3 1595 3765 3216
1 1188
3 377 330 3929
1 2978
3 406 1421 590
3 227 204 3832
1 1641
3 1261 482 1460
1 3084
3 162 116 1569
3 667 487 2764
1 3262
3 2175 3134 1653
3 466 962 3004
3 2911 2898 1646
3 3038 593 377
3 1920 3203 3801
1 2360
3 1773 1368 2625
3 259 3012 3081
3 3800 1999 4043
3 340 197 2090
3 2551 942 969
1 3202
1 3121
1 3349
1 1551
3 837 1684 1732
3 436 912 1304
1 1204
1 2004
1 2575
1 3748
1 2958
3 1022 693 1854
3 659 149 541
1 1028
3 3156 3101 12
3 802 2620 328
1 2145
3 3624 3683 3312
1 27
1 2968
1 2729
1 3219
3 1789 673 3410
3 872 3271 3303
3 2182 1149 3249
3 2056 2398 3777
3 1372 717 1218
3 670 1159 2441
3 1092 2540 596
1 3289
3 2134 33 1043
1 3911
3 150 2881 1110
1 3922
3 198 1633 1119
1 2631
1 3826
1 2543
1 2550
3 2837 1971 2866
1 138
3 749 1883 165
1 2352
3 3451 3818 775
3 616 152 1787
1 1214
3 1293 846 704
1 2976
1 1342
1 301
3 3109 251 1763
3 1880 2803 3071
3 519 864 3770
3 1313 2744 3612
1 3881
3 3362 1051 2828
3 1081 3956 2597
3 1958 2516 3826
3 2564 3417 918
1 773
3 3137 1954 2155
3 1144 4023 3931
3 1168 2687 486
1 2992
3 868 1113 2421
1 1664
3 3414 1647 802
1 3561
3 3186 2506 408
1 2195
3 2423 592 655
1 1442
3 4068 208 3400
1 2480
1 3290
1 480
3 3869 461 1466
3 2720 3478 914
3 1141 3386 3370
1 1480
1 1094
1 2079
3 2073 93 138
3 3183 2757 2889
1 333
3 4086 3314 1618
1 856
1 884
1 2018
1 3556
1 2750
1 1135
3 3303 60 2999
3 2046 2955 613
3 2295 1206 3425
1 4036
1 2905
1 2654
3 3985 939 1386
3 2596 378 4072
1 2396
1 3940
1 3363
1 3233
3 1203 441 1140
3 3511 2009 1924
1 460
1 3536
1 3441
3 3183 1734 1829
3 2030 555 475
1 2511
1 3022
3 3364 2607 3188
1 1301
3 2984 2454 892
3 1379 653 3603
1 1877
3 3413 1885 1302
1 3418
1 3927
1 770
1 2168
3 1757 2206 3697
1 3477
1 860
3 3725 668 3629
1 706
3 1941 233 2906
3 971 339 792
1 906
1 570
3 2636 1722 3156
1 563
1 2379
1 2325
1 2718
3 1141 1859 822
1 2198
3 624 2824 84
3 3554 3129 406
1 1811
1 3881
3 744 499 517
3 861 2942 316
3 1520 3186 3116
3 3994 1873 3887
3 3637 1118 222
1 3940
1 3438
1 1039
1 4026
1 1060
1 2642
1 2617
3 66 890 2885
3 3101 604 1534
3 2806 617 2194
3 2614 3159 1865
3 1203 1598 2936
3 1437 301 997
3 2722 4089 3794
1 3150
1 2343
3 326 1279 1230
1 3488
1 1671
1 1866
3 3354 150 1801
3 2104 2479 2552
3 350 2706 2325
1 1496
3 52 424 731
3 1422 807 2066
3 3060 3085 3654
1 946
3 1458 2125 3141
1 1570
1 2083
1 1158
1 1783
1 766
3 2569 741 239
1 481
1 143
1 419
3 3573 2929 3337
1 3504
3 548 2914 878
1 1303
1 270
3 12 2968 2171
3 1603 86 1308
3 577 1833 394
1 388
3 362 1748 728
3 1244 987 4054
3 1230 598 2571
3 3218 531 845
1 2706
1 2004
3 4001 2188 3557
1 3814
3 3320 3661 1378
3 2152 2205 1565
1 3676
1 833
1 3618
1 3713
1 3133
1 4095
3 1330 2054 1385
1 3621
3 1162 415 2501
3 2699 3619 1498
1 2590
1 430
3 79 1111 3221
3 2822 2408 2072
1 1196
1 78
3 2637 2183 1019
1 2750
1 2107
3 520 2134 1595
3 1625 1995 1531
3 750 1276 2449
3 219 104 1156
1 3903
3 1032 2081 240
1 1681
1 2658
3 1064 1823 3416
1 514
1 1610
3 2477 422 3560
1 2114
1 1967
3 3479 3131 2763
3 2795 830 1389
3 1874 952 2305
1 799
1 2946
1 3609
3 1941 1792 2658
1 740
1 3394
3 2855 3966 1437
3 3995 3846 1177
3 1173 3840 1036
3 166 1042 2107
3 2295 3343 965
3 1170 23 1116
3 3377 190 2316
1 3764
3 814 1425 2269
1 3996
1 421
1 1618
1 1295
3 3004 2201 3468
3 1355 353 87
1 2853
1 2297
1 2001
3 3956 1155 819
3 616 1713 1681
1 2586
3 949 1018 982
1 2826
1 632
1 495
1 460
3 865 1834 831
3 857 1041 1799
1 2811
1 2382
3 129 3865 188
1 567
3 1979 2909 1137
1 3063
1 3998
1 3672
3 2022 3566 392
1 1158
3 463 624 736
1 1519
1 3722
1 2760
3 1553 1558 599
1 1779
3 2182 2677 3278
3 2242 733 1872
1 3099
3 1384 961 1937
1 1725
3 3149 1390 1075
3 2245 3615 1761
1 2001
3 4030 1697 1254
1 3561
3 2858 2686 2068
3 4001 1530 1196
1 1925
3 1632 256 1951
1 3968
3 644 1561 267
1 3829
1 3764
3 1424 1086 2714
1 2343
3 3522 212 2647
3 837 2046 3695
1 3072
1 454
1 3671
1 1249
3 1052 3148 2782
3 3062 606 3754
1 3864
1 3234
1 3114
3 393 3597 4006
1 1425
1 339
3 3377 2730 3797
1 1264
1 3947
3 1576 3480 1959
1 2393
3 2 2612 1109
3 971 2464 3193
3 2759 1373 174
1 3304
3 3344 3472 3767
3 3277 131 1188
3 1914 45 905
3 2657 2927 3450
1 1467
3 1181 3644 3942
1 2490
3 3395 3585 3177
1 1649
1 969
1 1519
1 2663
1 2235
3 1709 1358 1456
1 3971
3 1487 245 2532
1 1982
3 3555 1902 3267
1 646
1 276
1 2599
3 1213 2779 1545
1 3626
1 1534
1 3693
3 353 95 1470
3 3948 578 950
1 3916
1 2413
1 1503
3 3967 3631 3201
1 2590
1 3036
1 2171
3 1347 2164 876
3 1066 3033 2275
3 601 121 154
3 3055 3354 2659
3 2466 836 940
3 1347 1189 3336
1 2395
3 562 3948 2096
3 1410 3162 3284
1 3768
3 1013 3154 260
3 3165 883 123
1 2506
1 2640
1 4039
1 3904
1 3557
1 1062
1 645
3 3266 603 2286
3 2388 3625 3038
3 3821 881 3518
3 2121 2623 2136
1 787
3 230 2622 2330
3 1497 2841 3365
3 3398 3288 3780
3 3601 2985 979
3 1119 2947 312
1 3638
1 2498
3 2123 1473 192
1 912
1 2372
1 423
3 2051 186 3325
1 2718
3 3775 1661 2980
3 3652 2322 701
1 3662
3 1045 2372 2566
1 214
3 488 903 1816
1 699
1 3124
3 51 3576 3258
1 2663
1 942
3 1563 3736 3669
3 1424 2652 4042
1 2841
1 1096
1 90
1 1102
1 3208
3 1117 1659 2523
1 3345
3 1183 1712 309
3 50 635 2056
3 3209 1175 352
1 3434
1 342
1 128
3 1170 68 636
3 3929 2960 3509
1 3896
3 2681 1788 2823
1 2235
3 3414 1009 2596
1 169
3 1356 2399 3362
1 2427
1 3497
1 284
3 676 2717 132
3 252 1127 3577
3 2445 1926 2321
1 1480
1 3336
3 2553 2988 363
1 1811
3 2812 1424 1117
1 1023
3 829 3426 1950
3 817 1099 3318
1 1758
3 555 2668 49
3 147 1398 3228
1 664
3 3991 374 3079
1 862
3 1647 1675 2483
1 1452
3 1117 3989 347
3 2807 558 1400
1 238
1 2905
3 1479 2247 2557
3 1318 2111 2876
1 2656
1 493
3 1834 1881 501
3 3445 931 2727
1 1594
1 3433
1 1593
1 2843
1 1467
3 1663 2304 3820
3 357 3965 3756
3 3352 616 1688
1 1074
3 1813 449 3355
3 2984 2503 4093
3 73 2963 1503
3 1445 2057 2829
3 2278 2536 3833
1 1178
3 943 1674 525
1 3045
3 729 3952 467
3 2799 2681 3660
3 2228 1622 2064
1 914
1 2825
1 301
3 705 3447 844
1 3043
3 3342 4095 1267
1 3663
3 3213 2061 3046
1 2172
1 217
3 3727 1076 4064
1 2326
1 3632
3 765 3581 2515
3 1924 839 739
3 234 1709 1773
3 1527 3430 3558
3 788 273 708
1 1697
3 3008 1242 65
3 1417 3622 2530
3 647 941 307
3 3771 311 3293
1 141
1 173
3 1566 2750 2776
1 471
3 3982 651 333
3 2812 3895 2735
3 483 1648 3751
1 2780
1 3541
3 2553 2024 360
1 3315
3 3374 70 2546
3 2998 2243 2589
1 233
1 3777
3 3800 1942 3212
1 1333
3 3804 3463 1020
1 1670
1 139
3 3031 514 3618
3 3937 3373 2667
1 2660
1 1286
1 120
1 3862
3 466 1272 275
3 1647 3089 1305
3 319 1303 3094
3 3759 1903 3657
3 3849 2341 2411
1 3196
3 1231 857 3165
3 649 2527 323
1 3853
1 2644
1 959
3 1136 2865 2599
3 3830 2688 1889
3 1597 664 3829
1 2884
1 2157
1 3748
1 421
3 1818 369 2303
3 1119 74 3883
3 617 1755 515
3 3122 1850 2559
3 3942 1947 3359
1 4018
1 407
1 3979
3 1458 1844 2770
3 2639 2987 4071
1 2409
1 3665
3 384 51 2151
3 2359 1459 2360
1 873
3 134 852 1576
3 1737 1830 2071
3 3456 1132 1666
3 242 1286 1442
1 2044
1 1484
1 2378
3 84 419 3696
1 1453
1 2691
1 1537
3 1255 4091 205
1 2317
3 2313 1311 3433
3 1969 3967 2197
3 688 1738 1566
1 1882
3 1432 1846 2615
1 3080
1 3812
3 1231 3817 2152
1 1402
3 3450 2655 451
1 3585
3 2568 3423 3490
1 1365
3 1384 3054 386
1 3018
1 965
1 3646
1 3361
3 2690 4068 3398
1 243
1 1532
3 2446 1434 2386
3 1905 3785 3502
3 3280 3521 2141
3 262 1410 3002
1 2958
3 2597 768 1828
3 782 35 3276
3 399 1453 1333
1 67
3 2246 1170 3601
1 3043
3 3378 1423 3469
3 1651 3529 2315
3 963 1729 901
3 3061 3694 848
3 4078 2696 627
3 1240 2741 401
3 1952 3641 1718
1 3658
1 3180
1 2405
3 1576 2376 945
3 1092 1536 582
3 2176 1121 3862
3 2563 623 762
3 723 1309 135
1 2583
3 1634 2339 300
1 3911
3 2690 2759 2364
3 1097 3000 3595
1 684
3 3803 3342 2217
1 1671
3 771 2193 3946
3 529 4021 1108
1 1200
1 3897
3 2684 1360 3414
1 2630
3 2752 2554 2015
3 476 3191 1002
1 407
1 1371
3 3119 2452 1556
3 1700 678 1030
3 3362 2627 2870
3 3575 3941 1533
1 869
1 1353
1 2391
1 3070
3 357 2354 3886
3 3739 2250 1223
3 847 2062 3546
1 1539
1 2460
3 1432 2639 3985
1 714
1 792
1 754
1 142
3 3040 106 3113
1 2853
1 3674
1 2537
3 1922 3565 2226
1 650
3 3306 322 3163
3 2918 3600 1481
3 1159 3001 438
3 1100 826 3091
1 1442
3 3421 1438 2541
1 112
3 1905 2669 1529
1 2314
3 3631 325 2383
3 926 3145 483
3 865 1251 1791
3 3038 2835 1229
1 3147
3 3391 7 343
1 632
1 2129
1 3229
1 1169
3 2518 1211 3270
3 3105 2722 3320
3 1387 2255 2769
3 2561 2780 2507
3 3060 295 985
1 2132
3 2487 1087 3848
1 2395
3 4014 404 3498
1 2745
1 714
3 1010 3902 570
1 3202
3 1662 3192 2146
1 3556
3 135 144 3569
3 2399 2992 2920
3 399 3285 24
3 1436 3401 145
1 3525
1 3963
1 3672
1 90
1 3539
1 610
1 2745
1 2168
1 3750
1 1522
1 1792
3 2073 2334 3356
1 3792
1 163
3 2186 916 2913
3 1683 3008 1907
3 698 3484 3445
3 226 1590 155
3 3271 1213 3061
1 919
3 2739 2307 3428
1 3379
3 1274 2145 3824
1 117
1 3454
1 552
1 1875
3 168 1417 3543
3 3524 270 1682
3 2247 471 818
1 2689
3 1797 1406 1021
1 2425
3 1073 2785 814
3 3312 3103 2733
1 1256
1 2899
3 2725 1805 634
3 1209 2786 894
3 3817 1047 2133
3 1372 38 1819
3 991 3347 329
3 3612 4024 1796
3 3264 1974 1208
1 876
3 2761 3636 2230
1 3118
1 748
1 3400
3 1989 1463 584
3 3174 299 1255
3 32 3507 972
1 1373
3 3253 3139 3519
3 4074 622 3095
3 3710 2262 1207
3 2096 932 683
1 1202
3 496 1657 2816
1 1810
1 2338
3 2597 1847 2775
3 278 1198 1519
1 1184
1 1835
3 3396 3137 2119
1 1095
3 3161 1723 1599
3 1328 3533 1064
1 1198
3 3004 3262 2311
3 4073 2710 1287
3 2448 216 168
1 195
3 345 3404 4063
1 1352
3 3966 1671 3242
1 1559
3 905 3913 89
1 2378
1 344
1 3656
1 450
1 3198
1 541
1 2497
3 1846 3732 1735
1 1743
3 2927 1754 4061
1 3285
1 786
3 32 3841 1762
1 3001
1 116
1 3897
1 243
1 171
3 2613 1472 2791
3 2744 432 1581
3 1272 167 2905
1 2995
1 1418
3 42 1803 3892
1 491
3 3396 79 1103
1 2509
3 955 466 2268
3 1451 2513 99
3 1904 2611 2832
1 1388
3 3264 2407 4012
1 828
1 2124
1 3866
3 911 2616 2621
1 1745
1 1202
3 2009 2100 3107
3 3369 1025 1023
1 3812
3 3995 2401 2512
1 959
1 3275
1 1643
3 1798 1031 2854
1 408
1 3701
3 3431 816 1496
3 1272 650 875
1 3099
3 1845 1457 19
3 1634 913 2772
3 690 3562 3769
3 1229 48 2173
3 1293 1592 989
3 593 1737 2614
1 294
3 1009 1602 769
1 3056
1 3433
3 197 690 1703
1 3276
3 307 2626 2978
3 1590 2094 920
3 483 3408 1167
3 1251 3380 3870
3 4068 2086 1649
3 2025 870 414
1 3896
3 3286 1058 1356
3 3915 656 2023
1 611
1 3713
3 3448 1095 784
1 149
1 269
3 1433 2774 1125
1 2490
1 838
3 3543 2191 3384
3 962 1158 873
3 1321 2350 3189
1 95
3 3407 2006 3539
3 2055 337 1867
3 1749 2130 364
1 3328
1 607
1 169
1 651
1 1592
1 1825
3 1131 124 36
3 3596 1451 3995
3 2290 2359 2807
3 2634 3018 1332
3 3841 2756 3375
3 2868 3051 2377
3 3174 649 3921
1 1747
1 2902
3 2595 2734 2967
1 3512
3 2448 470 723
3 259 1973 1620
3 3340 2027 1445
1 2950
3 2366 2355 2124
3 995 3811 464
1 3376
1 438
1 1295
1 1853
3 162 1609 2853
1 787
3 1639 3321 1185
1 3080
1 3110
3 790 888 2073
1 2185
1 2539
1 3171
1 284
1 1228
1 841
3 3008 3263 1164
1 2038
1 1534
1 1509
1 727
3 2324 4017 1448
1 13
3 1468 3703 800
1 1072
1 3864
1 3304
3 98 3982 3553
1 2989
1 358
1 75
1 3343
3 3283 2022 3062
3 2636 647 528
1 2783
3 474 271 1953
1 2188
1 841
3 512 1886 1625
1 2079
3 1843 2113 2910
1 1352
1 2042
3 2720 2156 3422
1 3903
1 1539
1 2964
3 600 194 2270
3 203 2077 2393
3 3201 1161 2874
1 2881
3 1635 494 669
3 2445 2879 1908
1 3178
1 795
3 2039 2684 1990
3 3055 3803 2261
3 1066 3023 2095
1 1439
1 498
1 2793
1 27
3 3031 3351 3638
3 2074 1128 3170
3 3725 579 2618
3 3742 2331 711
3 3857 1191 2598
1 3425
3 1650 2814 463
3 3631 2220 3064
1 2306
3 1216 1502 1821
1 3291
1 3906
3 3723 2123 2254
3 3006 2539 454
1 2109
3 3837 3269 2196
1 3986
3 2074 3752 1901
1 1668
3 2485 50 698
1 469
3 3923 206 3073
3 780 1397 2273
1 2841
1 4033
3 1547 3461 1896
3 3210 446 2260
3 1238 3292 1299
3 2209 1190 493
3 3156 1988 201
1 2870
3 3708 1672 3074
3 1410 2502 3164
1 289
3 780 434 3236
1 1195
1 1425
1 4003
1 3083
1 1188
3 2374 581 2982
3 3770 3382 2949
1 35
3 1309 3338 2177
1 2308
3 2392 375 2872
3 1639 3884 1339
3 3912 1354 1054
1 956
1 397
3 1604 1804 1265
1 125
3 2684 1583 1683
1 2171
3 4044 199 1469
1 704
3 672 595 4038
3 37 1285 1091
3 3938 1142 1323
1 2625
3 377 1491 2289
3 80 276 1296
3 1417 3025 1273
1 3288
3 2979 1554 1393
3 3247 4060 443
1 2790
3 1485 1017 39
1 2092
3 2373 866 421
3 2028 3506 789
3 1181 967 274
1 3592
3 2339 2409 3853
1 3726
1 748
1 2498
3 2222 3711 3662
1 755
3 1574 3435 542
3 3708 3917 3788
3 366 20 2578
3 2615 3532 2875
1 1429
1 862
1 3814
3 747 1052 907
3 2536 2429 111
3 428 1967 27
1 513
3 1005 1923 1413
3 2046 4051 2954
3 2544 3643 1306
1 163
3 280 3633 2793
3 3937 1139 3705
3 2457 3168 3879
3 1318 57 1407
3 453 591 1443
3 1313 2069 472
1 922
1 3466
1 1060
3 793 2278 1432
1 560
1 3083
1 3872
1 1409
3 1165 3327 460
1 159
3 1979 893 1475
3 237 3634 2172
1 2259
1 2065
3 3783 1335 1214
1 2156
1 4087
3 2175 2676 3223
1 1174
3 1071 3388 3976
3 3187 513 2127
1 3648
1 159
1 2985
1 2166
3 3144 1638 3882
1 1057
3 2604 853 3960
3 385 72 3210
1 2526
3 2247 185 67
1 419
1 141
3 905 2921 2975
1 2644
1 2425
1 3001
3 1279 3044 1890
1 3512
3 2719 1169 3672
3 251 2148 3180
1 206
3 1064 1349 1033
3 677 219 1317
3 3839 3072 1579
1 2456
3 2692 2291 3195
3 1244 508 937
3 2628 1874 640
3 3061 1836 3880
1 755
1 846
3 1936 3745 2466
1 1245
1 3275
3 2604 1337 637
3 2039 387 1008
1 3711
1 604
3 1093 2274 2484
1 2127
3 2492 3392 557
3 638 265 811
1 2828
1 560
1 126
1 2992
1 3824
1 184
3 1943 3196 2664
1 2660
1 2460
3 3625 1328 3306
3 4066 3198 2480
1 1727
1 58
1 416
1 3826
1 3900
1 408
1 3568
3 802 3499 3259
3 1660 503 821
3 1845 2869 3716
1 215
1 1530
3 3260 2461 3419
1 2710
1 4092
1 3143
3 913 3056 1771
1 2248
1 1522
3 3402 3798 628
1 329
3 2724 2703 3808
1 2539
1 1591
3 3220 2974 874
3 2364 34 3219
1 1206
1 2649
3 3151 1107 2456
3 124 2488 1464
1 2318
1 931
3 1511 3646 2118
1 866
3 132 296 3775
1 2916
3 3471 1878 3556
1 4096
1 4096
3 1791 1455 266
3 1749 1613 1461
1 2915
3 256 4005 1063
1 3367
3 1685 751 3211
1 2550
1 583
1 1960
3 3704 2101 3215
3 757 1283 2446
3 519 402 1209
1 1351
3 1165 3916 3635
1 2463
1 1169
1 1409
1 269
3 3297 3206 8
1 306
3 2535 2986 3594
1 2944
3 4010 3493 224
3 851 1740 1150
3 1046 1493 2327
3 368 2743 94
1 3525
1 1287
3 1553 3737 2451
3 1948 2629 2283
1 1267
1 1991
1 386
1 1775
1 62
3 3727 211 2170
1 3780
3 36 2809 2721
1 3756
1 3226
3 3677 1420 291
1 283
3 3326 976 1440
3 2813 1640 346
1 1339
3 2121 400 2573
1 235
3 2013 1537 727
1 3482
1 792
1 3914
3 3186 3927 2314
3 720 3100 3528
3 1907 3311 3474
1 1153
1 1741
3 1162 1450 3809
1 63
3 3372 882 1284
3 1703 3613 2895
3 1099 3050 2258
1 3964
3 45 101 3642
1 344
3 941 2165 686
3 951 455 2292
1 1692
3 2080 2698 3302
3 986 3678 3979
1 3458
3 322 1247 3894
3 2226 754 3530
3 3857 3028 1104
1 3711
1 342
1 660
1 68
3 3558 1882 714
3 60 1233 2700
3 221 3652 181
3 1798 3993 1656
3 1541 2175 2397
3 105 1195 1869
3 3895 2787 22
1 2099
3 2646 3099 586
3 4090 137 2185
1 2728
1 1184
1 1190
1 1320
1 3
3 4037 3951 1665
3 2441 3726 3202
3 1040 841 3689
1 332
3 1309 2815 2768
1 3321
3 3006 3229 1409
1 34
1 1579
1 2599
1 3308
3 1711 2994 2244
3 3042 3027 2189
1 349
1 438
1 3936
1 3155
1 3964
1 171
3 45 290 452
3 2723 2490 2932
3 2159 2169 118
3 220 450 3971
3 1700 3961 2049
1 3758
1 3959
1 1297
3 472 3381 1642
3 1324 3905 3953
3 3144 2187 2045
3 2914 1813 3456
3 3254 3031 399
3 1277 2972 140
3 124 4022 1939
3 772 218 681
3 3958 738 3015
1 2385
1 1234
1 1385
1 1521
1 3750
1 1431
3 2063 509 1316
3 3912 3232 225
3 1317 88 390
1 1891
3 3596 1201 3185
1 875
3 1050 705 1053
3 3331 2765 306
3 1887 3647 1615
1 2144
1 4040
1 3128
3 829 1126 2415
3 1738 2390 3124
3 274 538 2414
1 3924
3 197 1660 2813
3 3553 2915 3500
3 831 255 2923
1 217
3 1260 2948 2416
1 1257
1 4095
3 2434 2868 2969
1 2516
3 1065 3668 1430
3 1663 1858 2120
1 3847
1 2989
3 593 1168 1065
3 2439 1307 1650
1 2064
3 2525 1228 3866
3 2091 2149 302
1 3490
1 1345
3 1073 2436 3369
3 1201 1601 1956
1 918
1 3590
3 1106 3230 602
1 2092
1 2317
1 3309
1 3969
1 2728
1 3422
1 2224
3 322 2026 2818
1 2526
1 753
3 527 1922 1073
3 644 2966 851
1 2461
3 2422 76 1831
3 1282 3655 1720
1 2354
1 2495
3 1103 993 2762
3 1123 661 3936
3 3687 26 867
3 2 3049 2335
3 393 3988 2115
3 2143 156 1011
1 3084
1 2664
3 2217 3685 1991
3 1988 575 1174
1 513
1 588
3 1943 869 335
1 946
1 469
1 3722
1 2627
3 2134 1426 458
1 2863
1 67
1 359
1 450
1 815
1 1373
1 3696
1 3468
1 1414
1 3454
1 3168
1 2297
3 2637 3804 2492
3 1688 1264 658
3 3271 3526 2739
1 2031
1 173
1 3234
1 2766
3 1216 3451 2422
3 176 3434 1006
1 2054
1 1342
3 2173 2371 689
3 2056 3289 1245
1 187
3 729 948 2585
1 686
1 2566
1 2391
1 2617
1 1301
3 2417 1238 2752
3 791 3747 641
1 2360
1 2828
3 1146 2162 3930
1 3251
3 1167 3819 1270
1 3148
1 890
3 3163 2877 4000
3 1279 3843 3842
2174
92
1552
2513
282
461
1000
3470
265
3028
2250
2786
3566
2191
3106
1833
2781
551
88
2955
1163
354
1018
4065
3987
2977
1774
1450
2897
3939
2163
2161
1152
2101
2154
3913
3067
1638
1235
830
2887
2271
1804
2857
2912
1794
3810
1542
3051
3499
2307
1276
3154
1421
2243
1392
3910
574
742
1014
415
3217
4083
1858
1973
1236
3387
3076
2879
2851
3025
1139
3182
3311
3473
1859
883
1689
4020
678
2100
1061
3655
921
271
1147
2184
653
2375
2576
3358
1805
2774
1155
196
1111
1751
412
939
3005
0 0
