4096 100
1 3283
3 1239 910 2286
3 2610 3471 3291
1 1454
3 900 1606 3123
1 2541
3 1001 124 3789
3 3883 2693 3351
1 3850
1 512
3 65 977 3697
3 3202 1216 3429
1 2931
3 2334 2189 1177
1 979
3 2244 432 2294
1 3902
3 64 2317 218
1 116
1 1127
1 2799
3 857 1889 3418
1 2033
3 1063 720 3025
1 1107
3 4030 3978 3784
3 2292 1608 355
3 663 479 244
3 3019 847 2559
3 2509 3144 2853
3 2338 958 3516
1 2037
1 1313
3 3609 88 3116
1 3089
1 1158
3 480 3991 2489
3 1333 2628 716
3 1346 744 2885
1 1521
3 3283 3030 370
3 2222 2769 2953
3 3562 186 1224
1 2033
1 1802
1 3266
3 3869 1714 2632
1 1967
1 3369
1 3284
3 412 1006 1298
1 164
1 2055
3 3068 3290 777
3 1420 1918 1585
3 3038 1450 418
1 225
3 2242 1435 1417
1 2453
3 3052 2142 263
1 3069
1 858
1 2011
3 3248 2519 18
3 2449 972 11
1 4070
3 633 1504 3839
3 2529 2697 1712
1 254
3 2712 1015 2577
3 743 459 272
3 1329 1999 2719
3 3638 2009 174
1 1877
3 2786 1658 1948
3 3674 1858 2995
1 2649
1 116
1 2223
3 1190 2302 3809
1 1089
1 1913
1 2415
1 3651
1 1983
1 1219
3 1119 2161 583
1 34
3 3222 717 2798
3 2859 1514 2908
1 3389
3 1775 3131 2069
1 1375
3 1891 3463 2307
1 2799
3 3283 2530 3833
3 1517 2711 857
1 4054
1 1023
3 1640 3636 3716
1 2101
1 4000
1 3692
1 746
1 3531
3 3813 1362 896
1 742
1 3438
3 877 1446 1320
3 2635 507 2991
1 848
1 929
1 261
1 252
3 3901 3643 1004
3 2900 78 19
3 3096 763 640
3 129 3107 1183
3 2271 2564 2197
3 882 3575 1734
1 3198
3 3971 1478 4026
1 3386
3 7 1913 3302
1 860
3 1370 3462 4081
1 1656
1 2840
3 884 2562 118
3 2558 1389 3437
3 855 2245 1166
1 2890
1 2828
3 3767 3162 692
1 1626
1 2727
1 276
1 1396
3 3278 3668 747
3 2536 3017 3571
3 3572 1280 3339
1 2951
1 2137
1 3209
3 1852 2610 2181
3 1265 3820 1799
1 2634
3 2195 4078 1827
1 1240
3 586 3465 882
1 3110
1 2856
3 2149 2806 681
3 3961 1312 1336
3 1677 2067 1911
3 3156 2591 3608
1 3729
1 2206
3 3077 3904 540
1 3054
3 2545 2517 773
3 3992 3879 1061
3 2239 3197 650
3 2889 3067 52
3 3722 715 1020
1 1688
3 2855 1307 3264
1 275
1 3366
3 1616 3167 1222
1 3444
3 873 3834 843
1 3431
1 73
3 2920 1141 1751
3 595 4038 3708
3 1007 2173 1850
3 300 2393 2739
1 500
1 1513
3 1478 3754 2441
1 2982
3 925 1848 2504
1 213
3 3601 3842 2478
1 43
1 3192
1 4001
1 1174
3 279 345 2597
3 1577 594 849
1 3158
1 2979
1 205
3 2254 974 1736
3 3895 1647 1557
1 1121
3 2183 3798 2650
1 2687
3 3622 3180 2460
3 2421 2116 2521
1 3400
3 834 719 1674
1 3040
3 384 3838 194
1 1039
1 2537
3 4014 3084 1986
1 2878
1 3455
3 1503 2078 1332
3 3044 1861 2975
3 1604 3261 184
3 1403 3498 1457
1 1160
3 3579 2014 3077
1 1194
1 18
1 3112
1 2574
1 587
1 2051
1 441
1 2176
3 1991 57 978
3 1167 1876 2685
1 4082
1 3522
1 3708
1 1884
3 907 2793 2323
1 1703
1 782
3 294 695 3589
1 1433
1 2446
3 668 3323 1140
3 241 3528 3387
1 3795
1 1021
3 668 3026 238
3 586 2488 952
1 1312
1 28
3 2095 3079 2213
1 945
1 3266
3 1072 3534 1767
1 2839
1 2948
1 3370
3 3638 114 1643
1 4052
3 3131 1472 69
3 2258 4031 1174
3 3529 3523 1309
1 1759
1 1440
1 2873
3 3803 3031 2677
3 506 3041 113
3 342 3297 3344
1 60
1 1858
1 3466
1 2197
3 2069 3685 846
3 1361 3800 947
1 3994
3 2211 2496 3994
3 670 3476 1942
1 71
1 3568
1 2283
3 1010 168 2077
3 3813 3540 137
3 2559 743 670
3 434 3436 2106
3 847 1941 190
1 2519
1 2636
1 828
1 1491
3 2487 3607 1383
1 1844
1 345
1 650
1 345
1 1374
1 3944
1 1894
1 1461
3 2602 755 1067
3 2371 234 1591
1 1191
1 879
3 4011 3735 1113
1 1947
3 3617 3813 2996
3 3610 932 178
1 325
1 2411
3 3412 721 3185
3 3027 3710 2717
3 3184 2334 2288
1 592
3 3672 2538 1346
1 2418
1 838
1 1531
3 3409 3587 2084
1 3994
1 1894
3 1154 3738 438
1 2797
1 1433
3 1292 3821 2699
1 4091
1 908
1 3417
1 407
1 3054
1 1638
3 1509 1291 2743
3 3126 794 301
1 1579
1 3811
3 3017 374 586
3 3493 3389 2430
1 3621
3 1628 3401 862
3 2694 409 529
1 575
1 1886
3 1739 2401 1590
1 1194
1 1962
1 1712
1 3725
3 2000 2783 1805
3 374 809 663
3 3967 262 1652
3 2195 1602 2280
3 2320 1033 445
3 190 288 286
3 3450 2528 3213
3 3616 3106 3669
3 2747 2844 1116
1 4047
1 1325
1 3373
1 4041
1 3650
3 2892 707 2384
1 27
1 3478
1 3708
3 2863 1631 1878
1 3859
3 1268 3268 4056
1 3739
1 893
3 1345 2305 1439
3 1710 429 3433
3 2235 2582 3034
1 4070
1 2671
1 3435
1 2894
3 41 2536 1639
3 873 1798 3019
1 1164
1 2023
3 328 2545 341
1 2666
1 698
1 1648
1 3784
1 1508
1 2231
1 1888
3 1897 1919 2755
1 3072
3 3939 2827 205
1 728
3 1317 2386 1453
1 3304
3 692 4092 2110
1 1128
1 1048
1 1436
1 1176
1 2430
1 1539
3 2637 866 1792
1 839
1 1862
1 1939
1 1815
1 2797
1 1141
3 2734 3300 1172
3 1293 1702 4055
3 2734 3082 1684
3 1874 3256 414
3 2288 1940 3626
3 3024 321 2431
3 1101 2613 1662
1 332
3 2576 3876 526
1 2087
3 3839 2828 51
3 2728 712 3033
1 405
3 2115 2561 1314
1 753
3 3064 1936 4046
3 56 698 3816
1 1909
3 813 553 2278
3 2173 3364 1334
1 1021
3 3984 3507 1879
3 821 3072 1648
3 2999 3176 3831
3 2607 635 971
1 1687
1 4033
1 364
1 2961
1 2101
3 16 3659 1005
1 3615
3 3095 1573 278
3 2365 3413 3548
1 2389
3 1744 3914 3860
1 314
3 614 807 1686
1 2805
3 3783 223 4037
3 3941 3811 2649
1 751
1 3461
1 344
3 3378 3681 2692
3 2162 3762 1266
1 3227
3 2322 3603 3799
1 1375
3 2403 2026 4008
1 1046
1 3508
3 504 2487 1695
1 1169
1 1561
1 3326
3 3783 999 1956
1 71
3 1652 2674 2281
1 3646
1 1609
1 1045
1 3618
1 2763
1 1178
1 1341
3 822 2622 1363
1 1864
3 933 574 1528
1 1920
1 801
1 3302
3 1902 2721 2345
1 1374
1 3142
1 2020
3 3465 1593 3728
1 28
3 3458 37 1173
1 2020
1 3740
3 3381 2510 1794
1 2942
1 3990
1 990
1 3171
1 2991
1 551
1 1025
1 2919
1 3784
3 1227 4057 2134
1 2726
1 1193
1 2763
3 2978 2002 2929
3 1851 2801 637
1 3513
3 2127 179 3684
1 2567
1 1574
3 796 3164 1241
3 3610 454 1343
3 4011 2891 557
3 2688 3004 261
3 110 710 1469
3 1391 519 604
3 2151 3240 2244
3 3221 3959 2080
1 2295
3 3439 2928 10
1 3275
1 2197
3 1795 782 2498
1 2341
3 1850 2010 1430
3 3506 2681 4072
1 508
3 1360 3877 3682
3 958 964 2125
1 1296
1 1279
1 1230
1 3191
1 410
3 3489 2234 3259
1 1117
1 332
3 1606 1997 1282
1 2910
1 1173
1 2673
1 2919
3 3099 2262 2999
1 1973
3 3456 3694 2120
1 3161
1 2569
1 159
3 895 3484 4096
3 2217 2025 2634
1 1751
3 693 680 2194
1 3589
1 1635
1 1498
1 574
1 2979
3 2267 1669 3487
3 2867 3230 489
1 2691
3 420 3284 3478
3 843 1162 2926
1 1597
1 578
3 505 1690 3774
3 3590 2502 758
1 3496
1 1109
3 1833 1325 1105
1 1682
3 1474 3398 3935
3 1651 1190 3362
3 1685 3606 2797
1 1888
3 3130 2396 2253
3 941 3382 1215
3 1932 2731 3068
3 1986 3599 2328
1 2733
3 2751 4006 608
1 2430
3 470 2599 548
3 2893 333 1668
3 948 3061 2196
1 851
3 3992 1725 556
3 3066 1824 3756
3 2566 1111 2012
3 1625 1537 1021
1 1408
1 87
1 654
1 3228
3 328 150 242
3 1527 221 3491
1 3438
1 2720
3 1771 3016 3171
1 1522
3 2488 306 1060
1 2725
1 191
3 1056 997 176
1 3367
3 2926 3492 1361
3 1984 3233 3096
3 2538 2667 2462
1 3536
1 1052
3 615 686 2658
1 956
1 508
1 2554
3 666 3741 1311
1 1981
1 572
3 2532 2792 3338
1 3631
1 2467
3 3095 2867 2192
1 2965
3 2026 439 3953
3 1878 602 2525
1 1667
1 2374
1 2113
1 1621
3 3133 3296 2857
3 2299 2970 2808
1 2313
3 2926 2889 2207
3 2978 2036 2785
1 1285
1 1193
1 3796
3 2145 2132 2990
1 3015
1 2210
1 2249
1 1141
3 959 3136 67
3 1976 3801 854
1 426
3 845 3179 2560
3 498 3547 1842
3 3616 1561 1184
1 2976
3 117 2400 1910
1 801
3 3814 937 3442
3 1265 2682 2606
1 3892
3 1792 1461 1762
1 2643
3 667 3828 2094
3 2897 2277 2646
1 1458
3 163 287 3812
1 2629
3 3806 3967 2387
3 2812 1857 3294
3 1830 584 1134
1 3746
3 2814 3182 1121
1 2537
3 907 3712 3779
3 3044 2729 3448
1 2236
3 4059 1003 3200
1 1633
3 341 28 3098
1 1709
1 2700
3 2988 606 1186
3 2920 647 3637
3 3965 241 237
1 864
3 277 1398 271
3 3928 1676 2951
3 2182 3973 2376
1 3065
1 3473
3 4048 1442 3585
3 4060 2193 3641
1 769
1 2970
1 1178
1 544
1 153
1 1182
3 3772 960 1109
1 2429
1 3229
3 602 3558 1466
3 953 2894 2976
3 1710 759 1451
1 3445
1 2571
1 2993
3 134 1211 388
3 2521 2873 544
3 3139 1279 1473
3 234 3582 3744
3 976 1545 1491
1 3958
3 418 376 2208
3 1244 1122 3204
3 1421 1046 1038
3 3108 3275 2668
1 2629
1 835
1 1113
3 1662 2242 3355
1 2305
1 354
1 1202
1 4010
1 507
3 2996 901 4068
1 413
3 1611 3083 1899
1 1647
1 165
3 38 3900 3901
1 89
1 3913
1 203
1 24
3 303 2855 1001
3 2914 2108 3630
3 2867 3715 2060
1 1169
1 1636
1 838
3 1542 2931 1521
3 3251 385 3299
3 2449 1586 2992
1 4063
3 3071 3464 2747
1 1148
1 2894
3 3048 1232 1160
1 2931
3 2853 1142 3997
3 1215 3192 3750
3 3232 1550 870
3 2186 2983 1271
1 2898
1 1285
3 2115 2956 107
3 277 71 4063
1 39
1 1252
3 1456 104 2616
1 139
1 1147
1 893
1 1981
3 869 2620 443
1 2057
3 913 1893 416
3 3736 3791 1303
1 293
3 1594 1810 1772
3 1328 892 2314
3 558 1933 1379
1 688
1 2283
3 2548 2809 1959
3 2093 2015 821
3 117 3021 3249
3 1268 2630 797
1 1711
1 3015
1 1326
1 3106
3 3759 677 3257
3 953 3321 2571
1 2305
1 1682
3 161 2589 1837
1 3322
3 856 2890 3699
1 3174
3 54 3578 2993
1 3975
1 3521
3 1258 818 860
3 3724 3335 3882
3 515 233 3855
3 1478 3352 876
3 2859 829 3857
1 2478
1 3735
1 3544
1 3690
1 2716
1 3366
3 1286 1534 906
1 4004
1 1336
1 325
1 3530
3 1474 503 998
1 764
1 1789
1 1531
1 2994
3 3562 472 641
1 2004
1 2923
1 1019
1 1102
1 3246
1 439
1 3755
3 341 1415 3951
3 2448 1958 3981
1 3322
1 1675
3 2637 1833 420
1 2844
1 3343
3 1631 1547 1056
1 3987
3 780 1655 1372
3 2957 934 3941
3 3967 3672 3099
3 762 1991 424
3 3941 2595 468
3 3008 3529 1268
3 2742 4079 982
1 3604
3 2940 967 2655
3 2207 3612 2540
3 3280 1041 282
1 784
1 2961
1 3390
1 3587
3 1663 1395 1396
3 3652 203 2982
3 1053 703 2225
3 2658 2726 1716
3 3881 3846 975
3 2698 309 726
3 2149 396 2876
3 4087 3046 2024
1 1868
3 2184 895 3622
3 172 2421 554
3 1253 1256 1802
3 2583 3561 636
1 267
3 29 3458 279
3 3737 111 1950
1 191
1 1491
3 1941 577 2837
1 1947
3 983 1688 2233
3 634 2220 1753
3 3335 1284 131
3 1236 1476 775
3 97 22 3346
3 890 3103 62
1 1978
3 780 125 1826
1 3174
1 331
1 3990
3 2699 1170 669
1 2200
3 395 3917 2266
1 3490
1 3098
3 1305 3692 751
1 738
1 1177
3 2182 3742 2918
3 3833 371 172
1 3369
1 1173
1 783
3 4059 109 4082
3 1307 3426 2131
3 4019 296 3397
1 1781
1 1699
3 150 120 3100
1 3671
3 3263 129 2893
1 1537
1 1505
3 3683 2537 3316
1 1877
3 3382 2285 3826
3 1906 858 2087
1 1926
1 757
3 1786 362 749
1 3842
3 842 2011 541
1 106
3 3934 3633 3281
1 2634
3 961 3871 3325
3 3781 1849 5
1 711
1 3111
1 1384
1 982
1 4033
3 791 3469 2781
3 1901 658 231
3 1420 1804 319
3 3290 3565 3414
1 2
1 2600
1 3982
3 3539 1626 753
1 1962
1 1818
1 1186
1 2134
1 1439
3 1402 1990 2964
1 3082
3 2750 1892 1399
1 1653
3 2457 1458 3782
3 3114 2167 3910
3 2742 183 1416
3 3889 1982 3173
3 2475 1588 1456
1 1184
3 3039 1945 112
3 2022 2448 3759
1 3026
3 300 3661 2433
3 1652 470 2149
3 819 3918 3114
3 1517 1299 3286
3 2568 2143 3504
1 642
3 3085 2008 2330
1 3752
1 3198
3 2045 2518 568
3 3046 1980 2230
1 2939
3 3371 1146 1572
3 2172 246 3243
1 1623
1 268
3 2747 576 1064
1 4035
1 3671
1 3081
3 242 2977 3341
3 2209 770 687
1 4079
1 3756
3 1419 1922 603
1 3187
3 31 521 3304
3 1136 633 3610
3 683 1369 2380
3 1882 1433 899
1 1234
1 3584
1 521
3 3976 3566 1292
3 1673 1637 3911
1 826
3 1607 2147 2491
3 1053 3847 1843
1 1498
1 426
3 65 3748 3127
1 1537
1 195
3 837 2621 1062
3 1270 696 2786
1 11
1 225
3 2393 15 2749
1 993
1 3472
3 824 904 2947
3 3277 853 2779
1 2911
1 3625
1 1213
1 2824
1 2910
3 1640 1507 3135
3 1577 486 1069
3 1044 2463 2296
1 1398
3 3421 980 3368
1 3255
1 2787
3 1511 3803 1796
3 595 4052 2542
3 796 1995 3573
1 458
3 1976 2799 2301
3 721 1470 7
1 1415
3 661 2592 3896
3 115 3324 3891
3 432 2096 1367
1 51
3 2343 177 2988
1 3958
3 2450 2645 1208
3 2681 2150 275
3 1294 1747 2318
1 3888
3 2454 1247 1231
1 1439
3 70 3102 2000
3 1542 1187 4085
3 1317 3218 3805
1 1563
3 1865 3195 804
1 165
3 581 240 422
1 3583
3 2860 1917 99
1 2954
3 1063 3140 490
3 3232 1028 1819
1 3785
1 1026
1 4091
3 2751 2275 1654
1 1969
3 3772 1149 2788
1 344
1 3567
1 1615
1 2991
1 2289
3 700 3452 3627
3 2372 206 3995
1 4000
1 828
1 1711
1 3101
3 3569 3604 991
3 2752 1854 463
3 700 3087 452
3 2822 3586 2074
3 2539 3332 390
1 2091
1 1846
1 1342
3 2388 2709 601
3 2688 969 835
1 3541
3 2270 1287 3048
3 816 595 2062
1 3056
3 3408 1866 3614
1 2955
1 592
1 162
1 975
3 2819 1025 24
3 948 1487 3313
3 1775 3658 2930
1 2933
1 293
3 3418 1302 2155
1 990
1 1965
1 2824
3 2853 1375 248
1 2562
1 3094
3 3193 2346 1181
3 1780 2907 2818
1 2923
3 1961 1509 2581
1 3637
3 3464 3717 3094
1 2087
1 2686
3 1755 1286 2529
1 3142
1 2787
1 3816
1 2725
1 1638
3 1535 3188 81
1 2507
3 2143 2090 1939
1 3040
1 3345
1 3878
1 1721
1 2025
1 2838
1 2409
1 1539
1 1944
3 2552 408 2403
3 2069 2611 805
1 1137
1 1761
3 561 1829 1975
3 3403 2122 1890
3 3558 25 2071
1 1844
3 683 3764 560
1 2456
1 580
1 3347
3 297 704 1870
1 3709
1 3632
3 348 2180 2767
3 3558 2413 528
3 3890 2638 3938
3 1685 3556 87
1 2531
3 656 1836 197
1 699
1 2295
3 2271 3043 3440
3 3027 2746 2160
1 4057
3 3403 3832 20
3 2659 389 3402
1 1834
1 3593
1 2722
1 3511
1 2044
1 654
1 2110
3 1233 3976 959
3 2614 1103 3006
1 1142
3 3840 3152 1261
3 237 3727 1580
3 175 401 632
3 736 3700 1138
3 2439 2555 3063
3 1355 3390 2911
1 3606
1 944
3 2558 748 3947
3 3312 1529 732
3 1032 3047 3497
3 2344 3730 3113
1 3406
3 2645 1354 3148
3 1286 3916 2426
3 3808 3054 314
1 2865
1 1567
1 3441
3 4058 2364 36
1 1716
3 734 215 2590
1 1953
3 554 1345 1179
1 3853
3 2024 372 3966
3 4026 1452 3924
1 131
3 3338 226 1778
3 2116 1486 1946
3 1373 455 724
1 864
1 2507
3 402 1339 3434
3 480 875 532
3 255 189 1414
1 2420
3 1456 392 1359
3 14 2465 871
3 2118 466 679
3 1162 2183 2088
1 2049
3 1075 1438 2690
3 4026 682 2639
1 118
3 638 2308 928
1 2977
3 666 916 3380
3 1016 2906 2501
1 2049
3 2664 3912 2635
3 564 80 3329
3 2674 295 3118
1 2224
3 1239 495 626
3 2192 336 217
1 2821
1 2519
1 3531
3 3264 1629 3780
1 2228
1 2367
3 1957 1634 2882
3 1695 708 1746
1 4031
1 1213
3 1651 4083 3830
1 2912
1 3365
3 1009 2186 2494
1 1340
1 1762
3 692 1449 3621
1 2240
3 1360 1204 986
3 1244 3215 2946
3 568 737 3992
1 12
3 1831 3326 3955
1 1326
3 3439 2260 86
1 3875
3 3889 3525 3411
1 170
1 2541
1 43
1 1382
3 3011 3761 3593
3 2613 1760 493
3 2881 1546 3438
3 3803 2713 3628
3 4048 3713 524
1 1013
3 734 2366 2032
3 3833 1136 3412
3 2860 962 1614
1 1449
3 3149 856 2162
3 3422 3724 2499
1 2289
3 1905 1193 2
3 1541 149 2774
1 503
1 3473
1 3300
3 2258 1214 699
3 2365 3720 3080
1 3390
1 1013
1 3677
1 2993
1 3291
1 3916
3 2694 2086 745
3 2099 844 3252
1 1920
1 2486
3 844 3745 3334
1 1974
3 1490 780 2897
3 2957 1935 1904
3 2685 2368 2105
1 1139
3 2628 2222 2602
3 3270 2058 2847
1 1813
3 1470 146 643
3 447 1769 1698
1 2246
3 823 764 360
3 3509 3990 1818
3 2632 3569 976
1 739
1 4004
1 3518
1 2595
1 2571
1 3016
3 1928 2042 3267
1 3702
3 694 523 2018
1 141
1 3478
1 530
1 3508
3 855 1368 1814
3 3542 741 625
3 1083 1153 791
3 1055 3733 3983
3 2061 2861 2919
1 3794
1 1712
1 324
3 965 4059 317
3 2903 3142 403
3 4036 1313 1011
1 2686
3 3914 522 3550
1 3444
1 51
3 935 2239 3777
1 2228
1 1602
1 1068
1 754
3 2448 2019 3768
3 1845 869 2254
3 2723 2135 3570
3 167 878 2758
1 3400
1 256
3 1345 1973 2492
1 606
3 154 3480 243
3 1294 33 1555
1 415
1 2346
1 4049
3 2958 1017 386
1 4057
1 3522
1 109
1 2496
1 1561
1 1717
3 3450 3395 1715
3 561 350 1996
3 2088 1218 767
1 1965
3 2814 757 3964
3 3088 2688 72
1 1449
1 3216
1 211
3 2963 2450 38
1 421
1 3669
3 154 3311 793
1 2773
1 3145
1 1172
3 1801 1209 4084
3 3553 467 1977
3 2638 1051 1859
3 504 2698 2320
1 4038
3 1162 363 1310
3 307 2246 39
1 1434
1 2493
1 2046
1 2801
3 2345 3183 2468
1 2817
3 3804 3740 3794
3 1152 1385 3175
3 1902 1144 3510
1 2028
1 2594
3 1777 2539 3333
1 1176
3 1504 520 1213
3 597 3229 268
1 106
1 468
1 2574
1 2259
1 3851
1 1005
1 1284
1 960
3 2316 3958 126
1 2037
1 818
3 2362 1169 3191
3 1594 475 289
3 1072 93 450
1 3392
1 1626
1 3592
1 758
1 2492
1 2280
3 3084 1225 2703
1 284
3 1707 903 1914
1 1354
1 2791
1 1521
1 2427
1 130
3 2888 2600 2389
3 3590 508 3518
3 3537 2102 4007
1 1675
1 2106
3 833 2063 2708
3 833 138 2505
1 3178
3 670 1445 992
1 921
3 1714 1497 2449
1 1505
3 4018 919 1601
3 2765 3040 214
1 3602
3 3676 3936 2437
1 1661
3 1610 2236 1821
3 3516 582 2826
1 3761
1 3679
3 1544 1621 2580
3 4032 1477 4086
1 2981
1 1174
3 809 1002 2745
3 925 2768 1800
1 58
3 3900 2724 1675
3 3144 956 3134
3 3328 55 908
3 3240 700 3675
1 3300
1 2955
3 2825 3920 3301
1 3002
3 3926 3817 1696
1 4086
1 1983
1 1821
1 517
1 1813
1 3284
3 961 235 316
3 3362 1347 3410
1 58
3 3362 391 2474
1 2342
1 1181
3 363 1014 918
3 3238 258 1617
1 1909
1 675
1 2726
1 2624
1 1398
1 109
1 3835
3 3163 2661 1664
3 1211 1235 1330
3 56 2352 1717
1 688
1 1165
1 386
3 2192 4 1955
1 1802
3 927 746 1176
1 214
3 923 1720 649
3 3048 1653 3007
1 3101
3 645 292 3419
1 3521
1 3545
1 2124
1 2913
3 686 1834 2508
3 1547 3424 2804
1 3511
1 507
3 1001 1265 2182
3 1757 3823 2408
1 254
3 694 3342 2497
3 4075 796 563
1 2148
3 856 2775 2629
3 1412 2104 2370
3 122 783 181
1 3633
1 2412
1 1824
1 4064
1 2520
1 2618
3 2559 3064 2166
3 1168 2272 2035
1 1064
1 3987
1 3065
3 3724 3873 1258
3 696 283 850
3 2739 3810 4045
3 2644 2586 2290
1 3200
3 3474 3383 3616
1 4009
3 1400 3232 3676
3 1816 970 547
1 3699
1 3837
3 3196 2764 2842
3 2530 3378 2552
3 2529 211 3703
3 67 2723 1360
3 2789 886 1401
1 3445
1 989
3 2095 3644 379
3 1078 324 3538
1 2520
3 3988 996 1851
1 3955
3 3350 180 3555
1 90
3 2344 2579 3619
1 3447
3 2552 935 97
3 2276 3392 3851
1 2580
1 3520
3 727 1387 40
3 3060 1708 591
1 1759
1 3846
1 2856
1 2385
3 1722 587 3365
3 470 2274 1538
1 1148
1 2980
3 2789 799 310
3 1632 2547 3863
3 1927 1678 1801
3 791 4051 2546
3 2658 1089 2398
1 1586
3 581 973 885
1 1528
3 3658 1099 394
1 3189
3 3409 2948 1240
3 1558 727 1016
1 3235
3 2628 1411 1897
3 696 2835 3766
3 1228 3375 1583
3 816 3248 1467
1 2415
1 3341
1 738
1 3819
1 3441
3 1811 2815 2006
3 3617 2439 2235
1 1313
3 2371 3085 3457
3 196 2593 3906
3 3957 3960 1542
1 4031
1 3526
3 638 456 1322
3 1678 2003 2377
3 1632 1018 3499
1 3929
3 3092 3640 3000
1 2466
3 2812 1578 1156
1 3997
3 2391 2043 1628
1 2064
1 2791
1 944
3 434 2249 3472
3 3076 502 2175
1 1601
1 3100
3 2971 191 990
1 1567
3 3425 3512 326
1 1140
1 2210
3 2509 3493 3108
1 1546
1 2090
1 55
3 729 1536 2707
1 2467
3 927 3370 2531
1 3496
1 335
3 294 1983 1737
1 2895
1 478
3 1620 756 1374
1 3848
1 2992
3 3177 555 3109
1 3002
1 1930
1 1688
3 1402 1575 3852
3 343 2034 1301
1 2342
3 2362 213 2064
1 1762
3 5 3271 530
3 3804 3849 968
1 27
3 1764 2164 462
3 2391 1407 3858
3 2143 713 2188
1 3161
3 2930 3598 1934
1 1234
3 1728 1035 3886
3 1778 170 1721
1 1440
1 3514
1 1717
3 3037 1594 2566
3 1411 619 2287
1 3308
3 2721 946 4077
1 2231
3 2443 581 3270
3 913 135 1377
3 2641 2543 2315
3 1569 2839 331
1 1198
1 3398
3 358 816 1984
3 2577 1563 1532
3 3980 662 1692
1 1201
3 3858 546 1732
3 2117 725 2027
1 966
3 2235 1088 323
3 370 2532 3869
3 1966 100 989
1 2808
1 2084
1 252
1 3916
1 2992
1 3128
3 196 714 3866
3 424 377 2556
1 2865
1 2697
3 2987 1205 564
3 342 460 933
3 1459 2153 922
1 1030
1 818
3 1850 127 3105
3 3961 3853 2341
1 75
3 3882 1815 2949
1 2710
3 2539 4003 1406
3 408 705 1722
3 3086 833 1764
1 1448
1 2102
1 2710
3 3270 3909 616
1 575
1 550
1 1946
3 3969 3470 1907
1 2456
3 2521 966 3158
1 203
3 1418 812 1393
3 671 3459 3923
3 2334 1687 155
3 1533 1562 3892
3 2984 3003 3711
3 2322 2522 3258
1 2782
3 2173 772 562
1 4021
3 404 2810 1923
3 3645 1119 565
1 439
3 1677 3154 427
3 853 1600 166
1 2255
1 557
1 2046
1 1633
3 1927 3919 2914
1 1774
3 454 1202 2567
1 1426
3 3561 3336 2780
1 1266
3 2356 2204 881
1 2508
1 1709
1 403
3 1874 2405 232
1 2780
3 3881 2791 3508
3 3706 3942 3695
3 3464 1384 3198
1 1522
3 1891 1701 664
3 3346 364 688
3 1900 1042 765
3 68 338 1290
1 4007
3 47 1400 2915
1 1324
3 836 1159 2665
3 1450 1323 1619
1 2090
3 3059 1882 3546
1 1458
3 1616 1095 3688
3 1662 1527 2576
1 2801
1 3703
1 578
3 2548 1883 3574
3 3620 3153 2172
3 3873 3837 1615
1 3756
1 3848
1 3611
1 1635
1 3260
1 120
3 3569 2624 3646
1 195
3 1591 2140 3753
3 2238 2641 2383
3 3934 3161 335
3 4087 1957 3420
3 3895 3235 2980
3 2279 2886 2427
1 2479
3 3781 437 1820
1 3336
1 1202
1 1011
1 2567
3 2952 1894 3065
1 4085
3 175 543 3952
1 3648
1 854
1 3875
3 2387 1083 2053
1 3963
3 3162 1471 3445
1 3229
3 3667 257 1523
3 1227 3466 1877
3 3396 1104 2934
3 645 1605 1210
1 2351
3 1663 1609 2727
1 3488
1 2780
1 248
1 2285
1 1266
3 4083 2219 2966
3 2588 590 3635
1 756
3 1935 2028 3178
3 3131 1694 3532
3 2664 1065 92
1 3962
3 2085 2276 1358
3 1167 1616 3931
1 2986
3 4024 1076 1947
3 3420 880 2715
3 2117 3950 3053
1 3615
1 3007
3 4032 3878 3174
3 3546 3725 893
3 3980 3580 3356
1 3020
3 3404 798 2485
3 3661 3125 3451
3 3989 2461 3354
3 395 645 1825
3 2825 3588 1943
1 483
3 3890 1900 515
3 996 1930 1969
1 1886
3 371 2637 2997
1 146
1 1416
3 1533 3369 1340
3 844 1455 45
1 2427
1 908
1 340
3 2309 4030 2195
1 3132
3 1905 3714 1896
3 2892 3129 2169
1 756
3 3939 3709 1553
1 3962
3 2119 1431 1264
1 1284
3 1659 2263 399
3 2971 1498 2049
3 2265 3272 2243
3 1269 2609 915
1 1026
3 1744 3517 3421
3 1407 1429 2612
3 2719 2945 3577
3 2337 3760 1987
3 579 1481 1875
3 1792 3128 3101
1 860
3 148 3013 2030
1 3148
1 1105
3 3074 2981 654
3 3672 2751 1217
3 2884 3081 3514
3 813 561 3027
3 1466 2864 1129
1 3755
1 1121
1 773
3 3834 3095 2588
1 2179
3 3937 3266 3431
1 2977
1 637
1 969
3 3931 1108 285
3 2792 3237 1305
3 2383 2079 1050
3 3355 2823 3861
1 183
3 900 3814 2706
3 177 517 1656
3 1511 2399 498
3 3486 145 1927
1 4047
1 1045
1 4010
1 2350
1 653
3 76 264 1881
1 1342
3 2614 3141 3687
1 212
3 3830 3319 397
1 2152
3 2294 469 3719
3 3505 3962 1019
1 1058
3 2925 3515 2663
3 3355 2178 841
3 2670 2211 3601
1 1113
1 3435
1 3533
1 2636
3 3108 405 1703
1 1824
3 226 2856 2004
3 1760 888 74
3 358 3781 615
1 423
1 3106
1 1858
3 1719 961 2607
1 1726
3 3854 230 3157
1 2502
3 2144 1797 334
3 3465 4065 2802
3 3667 381 566
3 22 2174 2148
1 1106
3 3297 94 1709
1 921
1 753
3 1749 291 313
3 2963 3059 2712
3 1808 2379 3818
3 1544 2824 382
3 3723 2340 2648
1 713
3 1795 2066 1711
3 4075 3196 907
3 2309 1355 474
1 2134
3 1259 3797 3238
3 2475 1808 1239
3 1961 4019 890
1 1671
3 2721 2683 2772
3 3092 419 1441
1 640
1 155
1 3801
3 124 82 2669
1 1384
1 2374
1 3811
1 1023
1 55
1 382
3 1985 1254 471
1 3978
1 956
1 1684
1 3954
3 1932 3038 4014
3 3907 891 3036
3 1852 1693 1533
3 3335 1277 2223
1 3530
3 1796 1599 3468
1 3602
3 3422 569 1925
1 758
1 1613
3 1259 1773 4094
1 417
3 3903 3328 3934
1 3968
3 1091 2300 398
3 406 2159 3147
3 279 851 2057
1 271
1 1793
3 3130 1100 2631
1 929
3 1168 3502 1670
3 1780 298 852
1 75
1 3637
1 848
1 3749
1 3545
3 3706 3122 1161
3 2739 3792 2440
1 1454
1 458
3 1740 1201 2412
1 810
1 761
1 3310
3 3595 1078 1906
3 2494 337 914
1 2623
1 4039
3 3427 1070 1327
3 2099 3609 1640
3 2166 48 2129
3 3566 3864 2896
3 1796 1031 2627
3 2615 2935 2424
1 2398
1 3836
3 1310 3970 536
3 3060 4013 1257
1 1105
3 2053 1000 634
1 1341
3 2889 859 3996
1 2051
1 942
3 3840 750 607
1 926
3 1591 1428 85
3 1631 598 2089
3 2770 1920 3444
3 208 570 3795
1 1823
3 3989 2753 3146
3 4030 2787 2710
1 919
3 821 225 3386
3 2254 3639 3327
3 2499 3683 3674
1 2023
1 998
1 1325
1 530
1 2246
3 72 2515 3496
3 1015 3836 340
1 3963
1 497
1 1562
3 1876 802 3314
3 3926 3986 3721
1 1553
1 2840
1 938
1 73
1 517
3 895 63 3415
1 580
1 3158
3 216 3533 3819
3 762 2267 3723
1 2758
1 3729
1 1279
1 1304
3 2265 477 481
3 3797 3155 3288
3 2093 3234 930
3 3381 1994 373
3 840 3110 1164
3 542 3769 1096
3 451 614 3202
1 1636
3 1773 3374 1356
3 2444 3446 3287
1 1827
1 4040
1 1232
3 3064 23 44
1 1602
1 1486
1 624
3 2172 32 1371
1 3888
1 3851
1 2841
3 3493 2124 3435
1 1277
3 1569 3954 3822
3 3597 2481 1133
3 3927 941 3767
3 3984 1349 1691
1 3878
1 2986
3 1816 1188 1180
1 2788
3 4083 222 1979
3 3333 2533 2390
3 1755 1976 2734
1 3666
3 3273 53 2776
3 3860 2438 2404
3 1941 2293 752
1 1263
3 2181 3975 2850
1 723
3 3948 3854 1288
3 1056 3403 3693
1 1395
3 1604 1570 3388
1 3690
3 1900 4073 4074
1 155
1 2737
3 92 1102 267
1 3538
1 1107
1 3440
1 3750
1 1047
1 3913
1 3717
1 275
1 211
1 1846
1 510
1 3782
1 2414
3 3912 2910 2840
3 311 1642 2676
3 2432 1777 3295
1 1252
3 890 1081 411
3 1179 1326 3255
3 1984 2626 3066
3 1091 1584 1718
3 2266 1049 3758
1 3953
3 3479 2022 762
1 647
3 3777 245 1508
1 1005
1 2618
1 4042
3 2632 1253 1966
1 2498
3 2452 101 431
3 1392 1665 3168
1 2188
1 1477
1 1260
3 278 3884 1394
1 3750
1 722
1 2782
3 388 2373 1135
1 3134
3 2444 2968 2190
3 3457 3600 618
3 3793 3980 2940
3 2299 415 742
3 201 3731 1168
3 3505 1782 1636
3 3726 1178 3567
3 3504 2467 1813
3 537 3089 3987
1 2805
1 1106
1 3178
3 2041 2950 1464
1 521
1 2285
3 3652 500 3615
1 2827
1 1967
1 2760
1 878
1 628
1 3490
3 493 1903 917
1 1306
1 2554
3 2320 2226 143
3 2436 2957 3903
1 3187
1 1737
3 2217 2933 3246
1 60
3 936 1611 1091
3 3234 3209 1886
3 2205 3045 628
1 3892
1 968
3 1889 2735 1475
3 933 839 153
3 1010 3874 2879
3 3701 509 3595
3 3723 2451 1863
1 1653
3 2602 3519 2680
1 1068
1 3026
1 2886
1 4042
1 1940
1 1125
1 87
3 1236 2984 447
1 3308
1 1609
1 2913
3 1485 2554 1967
1 924
1 3626
1 1809
1 3100
1 2668
3 1727 945 2037
3 177 1682 421
3 1889 2771 3050
1 1574
3 3102 4090 224
3 3919 3691 3376
1 1868
3 2893 3384 1839
1 1116
3 145 2059 2789
3 1470 872 672
3 1179 198 2534
3 2712 842 3581
1 3471
3 1208 3245 739
1 3329
3 1611 2902 2103
3 14 2355 3160
1 2112
1 2965
3 612 1454 1194
1 676
1 544
3 1806 148 343
1 576
3 119 266 514
1 3197
1 3255
3 3222 865 2526
1 3997
1 3633
1 2402
1 1699
3 3971 2145 3706
3 4094 2524 158
3 623 827 3078
1 698
3 2270 953 2903
3 3396 630 1581
3 1869 270 3039
1 2890
1 245
1 3646
1 2687
1 2995
3 2711 542 2141
1 3228
1 1770
1 854
1 2359
3 1262 42 3746
3 1928 79 3165
3 3076 2471 1192
1 835
1 2137
3 3918 3862 2601
3 2388 1199 1300
1 2580
1 942
3 2439 1624 380
1 3514
3 853 3843 3348
1 527
3 1554 365 1638
3 1407 660 3576
3 3814 2834 3305
3 3088 4032 1738
3 1299 163 3553
3 2644 1212 3279
1 3271
3 705 58 3898
1 1817
3 509 16 2312
1 131
3 1346 1998 1267
1 2564
1 3935
3 1573 4016 631
1 3709
1 3835
1 2727
1 567
3 1305 1992 195
3 2266 2936 1689
1 3191
1 2348
3 2338 255 1244
3 3357 2832 1365
1 1219
1 3373
3 535 2716 3521
1 1815
1 3775
3 2276 1817 2020
3 866 2255 2091
3 2015 2733 550
1 2542
1 3626
3 2329 1055 2209
3 3037 119 1124
1 1486
3 3601 3929 3850
1 1528
1 1030
3 1777 1518 2265
1 648
3 420 2849 3648
3 3286 3024 1742
3 343 1381 2284
3 460 2574 2640
1 3347
3 2454 274 760
1 2280
3 889 2126 1768
1 2
1 1621
3 305 2523 406
3 3280 1037 1238
1 1493
1 3625
3 3121 27 3112
1 2057
3 16 1864 3592
3 2445 511 1123
1 991
1 3269
3 2972 3557 2625
3 2915 2115 621
1 1939
3 1000 3653 3051
1 80
1 3436
3 2421 2881 2349
3 363 706 771
1 2654
1 94
1 1184
3 2483 1806 1902
1 2352
1 3822
3 2244 2862 2444
3 2925 3379 622
1 757
1 1627
3 3825 1370 3357
1 18
1 1011
1 4082
3 1343 344 2137
1 3567
3 4036 1680 449
1 231
1 2887
1 2464
3 3371 2651 2883
3 3091 2892 3404
1 570
3 2436 2270 3988
1 938
1 2418
1 3951
3 2499 3537 3011
3 305 1677 14
3 3683 3187 2816
1 2754
3 3808 1823 3752
3 2450 31 2258
1 3377
1 1898
3 1657 3654 516
3 2615 1437 1603
3 3571 1007 3856
3 3383 1150 1515
3 474 1351 3632
3 1075 2740 1315
3 2888 4070 2570
3 3238 2257 3649
3 2304 3177 3737
3 3133 1856 2836
3 3736 1763 2924
3 1450 2310 2960
1 2534
1 2578
1 2189
3 3925 3400 1699
1 2697
1 3993
3 3219 2544 2221
1 3453
3 3408 2397 2480
3 2518 1604 1373
1 3703
1 1158
3 3074 1245 435
1 1232
3 2576 3137 1200
1 1260
1 3069
1 1477
3 3506 1556 294
3 3873 1039 3739
1 2110
3 3427 1915 617
1 4064
1 672
1 1562
1 3399
1 1896
1 960
1 3192
1 3752
3 1738 3111 1846
1 354
3 3457 3956 1526
1 386
3 652 1755 3088
3 2635 2228 1052
3 1390 2406 436
1 2052
3 3595 1610 1569
3 3170 3425 3199
3 178 2409 979
1 2850
3 2718 3269 2805
1 567
1 2361
3 1535 1971 3217
3 1851 3526 2520
1 640
1 335
3 3938 2203 3827
3 1101 3086 451
1 2056
1 1703
1 2389
1 3045
1 1471
3 2393 1098 4080
3 2984 2848 3315
3 2685 302 3057
3 1957 1480 2938
1 1117
3 2638 2082 2633
3 3938 83 1548
1 3702
1 4007
3 3199 2331 308
1 2426
3 3919 1175 3773
3 843 2304 201
1 2498
1 2982
1 1970
1 2841
3 1153 2790 2419
3 1742 1388 1803
1 3203
3 3085 684 3097
3 329 573 393
1 407
3 3701 2670 2085
3 932 3867 2913
1 3321
1 3556
3 3806 2138 2329
1 1405
1 2056
3 1554 1143 2231
1 1954
1 181
1 3072
3 3474 1625 3590
3 2312 2112 2029
3 3344 2295 3373
3 3046 3276 236
1 2643
3 930 1304 810
3 1400 65 729
3 1333 1009 2338
1 2152
3 3925 3522 2101
3 3163 59 3220
3 2952 1013 2283
3 3479 3009 3825
3 3264 1110 1672
3 3008 2812 923
1 2716
1 3816
1 200
1 1791
1 599
1 991
3 2822 3868 2325
1 1177
3 2719 1566 3405
3 2119 1587 611
1 1351
1 2722
1 4041
1 2224
1 3785
1 3964
1 1436
3 2692 1905 927
1 3203
1 2838
3 185 3662 785
3 3424 1743 3075
1 2361
1 2044
1 3004
3 3412 2309 3474
1 2994
1 1789
3 2674 1255 4029
3 454 2760 284
3 242 2782 592
1 37
1 3631
1 968
3 1310 1380 3663
3 3475 2852 1348
3 1208 2939 1962
1 3796
3 270 2932 1321
1 1473
3 515 2100 2422
3 1237 2333 1993
3 2881 3228 2887
1 1187
3 558 3449 1885
1 3110
1 183
1 1396
1 2970
3 3872 1090 1171
3 1466 4066 1700
3 3834 30 1582
1 483
1 3128
3 3674 3848 2578
1 2640
1 2981
3 1999 2811 3093
1 3982
3 161 3678 3169
3 941 2362 3928
3 64 280 1196
3 2399 1510 1483
3 201 693 1673
1 1680
3 2288 3835 2673
1 2206
3 615 3121 2770
1 2200
1 3197
1 346
3 1083 1503 68
3 96 1502 3806
3 1588 1120 3172
3 1639 3486 609
1 2052
3 2183 2353 4027
1 3406
3 370 140 3422
3 887 657 207
3 307 3524 599
3 1358 1661 1048
1 827
3 2560 6 1223
3 997 2268 3159
1 1627
1 2359
3 374 2615 161
1 1534
1 1532
3 3509 1726 761
1 2761
1 3526
3 3789 3029 2943
3 1502 1101 1517
1 3235
3 2166 2136 605
1 1143
1 1648
1 3578
3 3900 1147 130
3 29 277 1485
3 636 2700 2541
1 415
3 129 1073 3358
1 3977
3 119 2247 3624
3 3009 3562 3489
3 1620 580 3702
3 1695 501 1748
3 3019 3620 936
3 3917 539 2756
3 2347 3899 2584
3 770 1275 690
1 4021
1 4063
3 2281 220 1364
1 3004
3 1722 2367 410
3 70 3883 1632
3 2512 3787 2354
1 1515
3 1411 2229 1519
3 1078 3406 2895
1 365
3 3428 845 3948
1 2570
1 2761
1 1493
1 3461
3 1838 1771 3881
1 773
1 1160
1 156
1 1003
1 1557
3 3208 3070 1357
3 822 1274 3908
1 3677
3 190 3372 2872
1 2886
1 574
3 1390 911 3289
1 2227
3 1262 2154 293
1 2654
1 2949
1 3365
1 643
3 1882 3399 426
1 3472
1 1818
3 145 3408 3
1 1102
1 1821
3 408 2866 1227
3 2988 1860 1137
3 2545 1970 2342
1 746
3 3136 3156 3416
3 3153 1484 2097
3 2728 2784 2714
1 751
1 975
1 468
3 2922 2927 1963
3 1735 3467 1444
1 2298
3 2089 2644 3163
1 1969
3 38 1544 1262
3 1476 651 702
1 764
1 1944
3 47 1270 2099
1 2414
3 542 898 147
3 1189 2388 110
3 3252 281 1873
3 1798 813 395
3 1118 2414 1342
1 1182
3 2281 2513 2854
3 1738 3513 1627
1 3291
3 3718 646 2447
3 2626 2240 1493
3 1009 3222 1152
1 648
1 3762
1 1898
3 442 2833 77
1 198
1 2326
1 2891
1 3822
3 2922 2603 2306
1 826
1 2754
3 2670 2952 2971
3 602 1535 836
3 2866 1128 3541
1 4092
1 1448
1 3524
1 1867
3 3428 1775 1189
1 1716
3 3416 375 3594
1 599
3 701 3226 2171
1 1913
3 2432 1869 2657
3 2752 367 3010
3 3722 3361 3298
3 2523 533 3207
3 460 2486 1191
1 3370
1 2084
1 260
1 2724
3 3694 2730 3292
1 2154
3 518 3907 1010
1 643
1 1908
3 3572 2803 3117
3 226 2411 1260
3 3510 1082 1295
3 3821 199 2215
3 1329 506 1053
1 3488
1 1181
3 3731 552 3454
3 446 4087 2475
1 8
3 3285 1252 332
1 3587
1 3846
3 68 1650 2357
3 1343 3453 838
3 317 2838 864
3 2560 3596 665
1 3513
1 4040
1 1382
1 3431
1 3867
3 1849 4047 4049
1 1586
1 1395
1 1052
3 1989 1666 1660
3 97 2217 3726
3 1895 2184 70
1 1229
1 2619
1 1781
3 2262 2458 789
1 304
3 3068 2395 3219
3 72 1822 2466
3 3676 589 2941
3 474 1623 1908
3 2795 1131 2469
3 1504 1306 3132
3 1418 2678 3893
3 3357 1087 593
3 836 1443 494
3 1764 136 2252
3 4008 413 2619
1 659
1 2679
3 569 3804 2742
1 2737
3 2267 3841 571
3 2053 402 404
1 2148
1 3524
3 3693 2732 2068
1 3714
3 178 1954 1492
1 2346
3 3960 4004 3611
3 2731 824 925
1 324
1 4039
1 1415
1 1125
3 731 948 348
1 3189
1 979
3 3726 921 2841
3 1831 1030 572
3 3932 1045 2671
1 1988
3 3290 2336 2656
1 382
1 2569
1 2869
3 1307 2016 3704
3 4089 3634 3254
3 2487 2130 3262
3 3872 2549 2585
3 2999 2880 3023
3 3658 465 496
1 1501
3 3579 1403 2925
1 4086
1 1116
1 1416
1 42
3 2525 1985 3208
1 2174
1 1908
3 3179 1337 3686
1 1240
3 1476 3485 4002
1 2055
1 3584
1 3556
3 983 3260 3417
3 1697 1766 1704
1 906
3 2488 1681 2109
1 340
1 2619
1 624
3 976 2923 75
3 1989 1085 995
3 1032 2050 3680
3 2181 1531 1505
1 2426
3 1705 1571 1386
3 609 1845 4053
1 231
1 2887
3 3539 2722 4009
1 3148
3 565 315 400
1 89
3 1000 21 95
1 2869
3 498 1723 1350
1 1887
1 2684
3 1467 3749 2865
3 2395 440 2121
1 153
1 3801
3 621 3055 1641
1 761
1 1684
1 2515
3 2457 1567 653
1 3112
3 3295 1328 656
1 1553
3 2335 4034 3022
3 3219 3946 1352
1 1076
3 4053 3989 1063
1 3666
3 4089 3552 1195
3 4008 2464 1047
1 1847
3 1897 987 1071
3 3328 1424 1793
1 1408
3 384 2843 2128
3 412 3206 133
1 3761
3 3932 3796 3322
1 3520
1 2259
1 2649
1 2237
1 1545
1 2350
1 851
3 2699 1097 2477
3 1628 3943 249
3 2083 128 2007
3 2750 2040 2425
1 1501
1 2827
3 348 814 3224
1 3329
1 3621
1 1263
1 2410
3 2278 3190 3318
3 2059 3979 2394
3 3350 3670 3880
1 2493
3 30 1072 736
1 2640
3 721 167 3210
3 1876 152 1525
1 620
1 3045
3 3121 90 784
3 3901 1023 1234
3 1288 3845 3265
3 2312 3545 4054
3 3030 3927 358
1 1834
3 2804 1155 1649
3 2613 2659 3734
3 612 551 723
1 2899
3 3102 2757 2800
1 3819
1 3281
1 2597
3 693 259 3151
1 4092
1 3466
1 839
1 3494
3 3202 209 4023
1 2150
1 2762
3 2304 2500 1228
1 1201
1 2326
3 3086 1832 4058
1 39
3 1742 2598 2157
3 2500 2794 2324
3 3456 2347 1390
3 623 164 1978
3 775 132 2212
3 505 2652 3481
3 2327 354 1809
3 884 575 2179
3 687 369 733
3 2581 3743 1592
3 1968 2979 3056
3 1258 648 3520
3 3123 740 2974
3 3821 2868 2909
3 3458 4035 116
3 3949 3815 3705
1 2188
3 2209 3722 1293
1 3592
1 3246
1 1187
1 1076
1 90
1 2899
3 2083 988 531
3 1144 3253 984
3 3914 3642 1206
3 2433 1465 2165
3 1693 722 3977
3 1714 3509 2299
1 3717
1 3436
1 872
3 1288 491 534
3 3965 667 175
3 3983 3340 3393
3 3581 2623 2654
3 2786 803 1077
1 2351
3 2765 2313 1867
3 554 623 597
1 2623
1 512
1 497
3 1065 1613 4042
3 727 735 13
1 2496
3 2141 2973 1066
1 1761
1 1970
1 2255
3 3295 3221 3126
1 2412
3 2494 3407 943
3 2114 826 3377
1 2720
3 3858 3564 484
1 2551
1 3471
1 1822
1 1214
1 982
3 1541 250 3776
3 1659 2604 3320
1 2124
3 671 142 3353
3 2657 1749 2454
1 42
3 3425 4025 1024
3 3516 1423 1059
1 742
3 2138 819 1259
3 3091 1317 4048
1 3968
1 2352
3 3734 430 830
1 4088
3 3166 1895 1333
1 919
3 3418 613 2191
1 1770
1 3643
1 2112
3 3869 3957 3149
3 621 2506 678
3 2657 1577 1816
3 4024 3536 2298
1 2933
1 2898
1 212
3 687 639 3605
3 952 1185 1841
3 3912 624 497
3 2896 193 549
3 1741 3247 1530
3 1830 1413 2514
3 834 2423 182
1 739
3 2162 1679 2410
1 3739
3 3949 2048 1779
3 3486 3037 1651
3 1007 2614 666
3 3517 3689 3239
1 628
3 110 1036 488
3 729 1596 1645
3 777 691 1249
3 3718 800 2484
3 76 3613 2216
3 299 3888 711
3 1798 3617 3579
1 3659
3 535 2762 425
1 1565
1 3740
3 3421 1425 1598
1 1679
3 506 2482 2575
1 3650
1 1137
3 1459 3211 1784
3 3185 823 2457
3 2455 4024 2565
1 2671
3 2333 3350 1226
1 3836
1 1827
1 3692
3 3492 629 766
3 590 3360 1276
3 140 3506 328
1 3209
3 371 29 2568
3 3153 3460 1788
1 763
1 2816
1 2762
3 2279 407 3494
1 24
3 241 2156 931
3 1833 304 1125
1 3399
1 2551
3 41 3166 2863
1 260
1 3089
1 413
1 365
1 4035
1 1926
3 2987 1620 2271
3 1925 3285 56
3 2211 929 3755
3 1403 204 1092
1 261
1 3953
3 1124 3665 3104
3 3285 659 212
3 2145 2858 2407
3 840 942 2446
1 1149
3 1055 1459 734
1 3898
1 2174
1 2301
3 4072 3441 60
1 1782
3 1154 160 322
1 2808
3 2896 3543 1057
1 2411
1 4038
3 1895 3793 1719
3 3546 1974 1522
1 576
1 3977
1 1143
3 1485 2033 417
3 1749 1489 673
3 2089 579 3984
1 164
3 569 2718 54
3 4058 61 2369
1 2594
3 3571 731 4075
3 424 2442 383
1 3275
3 3286 2365 1830
1 2479
3 4018 1574 2224
3 216 159 3488
3 2207 3477 3788
1 245
1 1245
3 1832 951 3559
3 404 920 3250
1 713
3 208 1382 3729
3 1556 938 2429
3 2403 1663 2884
1 1046
3 2387 1329 2238
3 2120 35 3032
1 3227
3 3767 2327 2958
3 4095 1565 1909
1 2515
3 1080 3765 1074
3 1838 612 434
3 598 117 3273
1 2429
3 663 3495 868
3 820 3937 535
3 882 2170 1576
3 1825 1460 1043
3 1015 2869 2176
1 858
1 3043
1 1656
3 347 768 1880
1 118
3 1582 701 1874
1 1597
3 2024 151 2503
3 2383 902 3647
3 2292 219 2813
1 1150
3 934 3308 924
1 3679
1 34
1 2684
1 1191
1 3392
1 3321
3 2525 2859 2292
1 1953
3 5 2898 3455
1 3795
1 1790
3 2937 325 3902
1 972
3 1825 1646 2511
1 1809
3 3139 1944 567
3 92 1774 254
3 2723 3223 1807
3 3537 620 2350
3 1419 3940 2111
1 989
3 633 4018 2617
1 2367
1 3593
3 3825 694 3130
1 1025
1 1860
3 1293 1084 476
1 3281
3 30 1419 3783
3 4019 3527 1338
1 1988
1 1940
3 1152 2796 1828
3 2969 1236 3645
1 3859
1 2873
1 1139
3 1727 2618 3020
1 1687
1 2021
3 2617 156 4010
1 1884
3 1673 192 2013
1 2542
1 2189
3 1739 1612 538
3 134 1757 3926
3 2626 1448 2453
1 503
1 2223
3 3030 2963 3701
1 170
1 2102
1 2517
3 3681 2392 3772
3 590 3560 487
1 2531
1 926
3 1785 861 776
1 1354
1 425
3 2349 1597 3461
3 1773 1397 2123
3 636 3473 2773
1 200
1 3568
3 656 4012 3331
1 1351
3 3976 3277 305
3 303 3008 3971
1 3842
3 2335 2139 957
1 1089
3 3492 1540 2748
1 2849
3 1373 2256 525
3 737 187 2381
3 3337 1075 3889
1 3302
1 1019
3 1901 4001 1501
3 163 2527 2198
3 1707 940 121
3 2392 3583 2418
3 661 4093 1494
1 3725
3 2026 12 2878
3 3797 2428 2476
1 699
1 4005
1 2828
1 2673
3 2770 3618 2594
3 2144 144 3018
3 2855 3969 3597
1 3007
1 4061
1 346
1 3618
1 1214
3 3917 4071 1331
1 2398
1 1017
3 2718 2359 2817
1 2453
3 2937 4040 510
3 2645 2200 89
1 3132
1 2844
1 4001
1 2668
3 3635 448 3090
3 2500 2218 585
3 1361 685 1758
1 551
1 3341
3 1497 1026 738
3 598 3667 3450
3 2022 3872 2144
3 1741 1543 2553
1 3898
3 1845 3312 3718
3 1904 2348 1440
1 2989
3 509 3808 1421
1 3323
1 3310
1 945
1 3944
3 2186 3317 3307
3 2141 2905 806
1 2980
3 1547 64 3949
1 763
1 3082
3 3960 728 3343
3 1253 3531 2636
1 2911
1 2759
3 2088 994 2199
1 405
1 769
1 1680
1 527
3 2779 3359 1733
1 213
1 2760
3 3681 4095 884
3 167 1198 2456
1 2861
3 1840 46 247
1 1277
1 360
3 2395 2297 3391
3 1625 1263 1667
3 1606 2241 3945
1 1817
3 3096 3631 2055
1 3316
3 701 513 3073
1 2446
3 3184 983 3652
3 3882 139 3345
1 2240
3 3777 828 2289
3 897 2871 3143
1 4078
3 1 41 96
3 553 1432 50
3 3038 2694 3044
3 935 2279 3074
1 2029
1 2021
1 2600
3 54 909 2754
3 3 1250 2642
1 2679
1 3954
1 653
3 2085 2937 2814
1 620
3 262 3381 1891
1 2672
1 728
3 402 1243 1422
1 1424
3 124 3194 473
1 3699
3 958 3922 387
1 2237
1 3377
1 3245
3 3114 2163 1622
1 3440
3 3931 1960 3242
1 1336
3 3237 1148 3666
1 1064
1 2004
1 2410
3 887 3274 3349
1 3245
1 2849
1 1862
1 2949
3 770 3120 2434
3 2830 774 811
3 237 3443 3241
1 1004
1 899
3 1217 3870 457
1 1992
3 1937 1420 2825
3 1190 2187 2845
1 3389
1 3182
1 1048
3 1358 2052 3664
1 1256
3 781 1928 855
3 1697 4062 1745
3 3957 3193 3895
3 609 3890 1167
1 141
1 2921
3 952 1549 3231
1 1473
3 3251 4050 815
3 262 4060 2445
3 3278 1093 3763
3 857 3475 1710
3 3517 2282 1112
1 2233
1 3316
3 3011 2851 1513
1 8
1 783
1 2951
1 1791
3 705 1868 1847
1 1787
3 2316 2259 2725
1 2562
1 3260
1 3016
1 2672
3 564 1436 1434
1 3749
1 421
3 1527 2605 1207
3 3622 790 169
3 3510 596 3807
1 993
3 1801 874 49
3 1588 2675 251
3 3561 944 2326
1 2597
3 2445 2261 351
1 2028
1 1546
1 2177
3 2940 2339 3306
3 1502 446 3428
1 2313
1 1186
3 3297 2023 483
3 568 3427 889
3 1495 3542 2344
1 2179
1 3735
3 1991 123 3757
1 238
1 2064
3 329 91 3330
3 1144 831 1246
1 3269
3 1518 1376 3119
1 2921
1 3538
1 1324
3 4072 1761 2210
1 879
3 563 1630 3623
3 2607 2378 3028
3 2356 202 1308
1 331
1 1128
3 2062 1106 1127
3 2327 4061 1789
1 2466
3 2581 2535 1151
1 2939
3 2610 1058 2361
3 4014 311 1541
1 1434
1 1221
3 1233 2483 303
1 435
1 909
1 2011
3 2617 3963 2666
3 2779 320 3915
3 22 1068 2965
1 1461
3 1740 3651 1781
3 1820 993 3002
3 2536 1237 1932
1 3455
3 1467 2479 3993
3 2392 2954 1579
1 878
3 3382 1965 2374
3 3378 2583 2664
1 12
1 3978
3 1840 173 2704
1 3849
1 364
1 1172
3 2041 368 1871
3 278 2917 2303
1 130
3 1228 588 108
3 4095 1219 512
3 1124 3309 2072
3 3052 1157 1552
1 642
1 3323
3 1985 171 1297
3 1757 1506 689
1 2029
3 3918 3933 1516
1 659
1 2502
3 3233 1324 346
1 1790
1 1038
3 2698 4020 2360
1 2691
3 3123 3423 210
3 3903 537 2888
3 1556 2385 2113
3 847 480 2900
1 1676
1 3020
3 3177 2587 444
1 126
1 94
3 731 1080 1707
3 150 1887 478
3 1760 265 2875
1 2624
1 1930
1 906
1 1671
3 3 2185 2944
3 1573 981 2608
3 3179 674 1242
3 2483 1495 2443
3 3346 2493 4039
1 271
1 3078
3 553 1281 356
3 3927 2455 2093
1 1312
1 2891
1 3853
1 3583
1 541
1 2775
3 2532 1852 2987
1 550
3 3077 1765 2689
3 2565 527 4021
3 3789 2133 867
1 587
3 597 3015 3189
3 1582 2041 329
3 3024 4076 2877
1 3098
3 1999 1589 559
1 1149
1 214
1 1563
1 4061
1 3746
1 1946
1 3611
3 936 2119 4089
3 3856 1865 2117
3 3017 518 2371
1 423
3 1705 453 1283
3 2915 1269 2548
3 1355 3367 2686
3 3553 1468 1132
1 1579
3 2641 499 2701
3 1832 2232 1618
1 1867
3 31 1408 2955
3 1820 2989 3347
3 1391 1273 3696
1 2154
3 2897 1520 2831
3 2262 779 1462
3 2452 1319 228
1 256
3 2538 2736 2662
1 1221
3 2399 1560 2550
1 3145
1 238
3 823 3944 256
3 4094 795 1929
3 3252 1197 105
1 1774
3 2014 1872 3660
1 248
1 3975
3 2972 3770 600
3 2333 1392 3133
3 1509 2070 3394
3 3620 2795 913
1 276
3 2659 1054 4044
3 3383 1285 4033
1 3056
3 3864 3974 787
3 2862 1463 1952
3 1719 1786 3060
1 637
1 435
1 3826
1 1296
1 4088
1 2821
3 2239 3511 1341
1 3935
1 1513
3 1119 2778 2435
1 2298
3 686 1117 1107
1 3081
1 3171
3 845 3371 1697
3 2565 43 801
1 3762
1 2942
1 909
3 965 3932 1968
3 2118 2321 1034
3 3883 273 3181
3 1270 1735 1044
1 1306
3 140 3071 2343
3 3839 141 2684
1 998
1 1726
1 120
1 2236
1 1822
3 777 2557 3732
3 2997 2765 216
1 1787
3 2184 3638 2922
1 695
3 3199 1022 3483
3 3635 2777 963
1 675
1 1047
3 311 2695 832
1 1793
3 234 545 3591
3 2443 1391 558
1 3589
3 2294 2904 1378
3 1226 1130 3138
1 2666
3 2151 2391 1961
1 2700
3 3210 3859 2044
1 1613
1 570
1 2113
3 1869 185 2273
3 3983 1931 1404
1 449
3 1044 825 3897
1 2976
3 565 3707 1145
1 284
1 156
3 1966 3968 34
3 959 300 504
3 2741 3503 1731
1 827
1 2995
1 1058
3 2127 1783 433
3 1495 347 638
3 2997 1554 299
3 3208 3214 464
1 1515
3 2568 3539 1727
3 1211 2846 330
3 842 200 3366
1 3398
1 2564
3 3854 2291 985
3 406 2168 2269
1 1038
1 1229
1 4085
1 722
3 3273 2490 610
3 2345 3921 1115
3 897 2202 1479
1 2759
3 1771 3227 3584
1 100
3 667 1079 1949
3 3581 73 252
1 1992
1 1565
1 676
1 2912
3 115 2967 3790
1 1508
3 3149 3925 1685
3 1735 2214 461
1 3111
3 2278 1752 3887
1 2348
3 3860 3005 353
3 3420 84 3771
3 3277 2127 834
1 2301
1 2341
1 4079
1 3659
1 3698
3 1065 2763 1539
3 432 3656 2998
1 3533
3 932 1790 4041
1 2478
1 2492
3 3333 4017 3786
1 3043
3 3312 2054 2820
3 3233 1759 1888
1 139
3 347 1335 4015
1 2851
3 3864 950 883
3 820 307 1831
1 3929
3 1993 2512 76
3 1421 3785 3677
3 1497 1405 2720
3 3675 1248 2596
1 2517
3 3731 3115 1410
1 2788
3 446 3263 3170
1 520
3 1993 887 2335
1 500
1 267
1 2773
1 1860
1 1721
1 2989
3 3830 2065 788
1 2177
3 869 103 3014
3 2062 4005 2737
3 537 3982 2679
1 1706
1 3518
1 11
3 3907 3657 3985
3 775 3303 1499
1 1142
3 3166 2151 2432
3 2566 2416 1278
3 1503 2363 1724
1 2758
1 2901
3 2205 1706 1953
1 3606
3 176 229 357
3 1811 1114 2250
1 304
1 1679
1 658
1 1230
3 1808 2738 4028
1 723
1 100
3 1080 2916 2076
3 3237 2643 2994
1 1864
1 1245
1 2005
3 2903 165 2672
3 2015 2152 1898
3 1237 781 1490
3 1786 3201 339
3 2711 2750 2118
1 1140
1 478
3 3084 2017 157
1 1150
3 2116 2691 3679
1 3578
3 1287 4088 4064
3 2866 4091 2961
3 297 3385 786
3 3928 754 2351
3 2349 848 3875
1 314
3 2372 2985 361
3 1353 482 3001
1 606
1 872
1 2895
1 695
1 1256
3 2222 3501 655
1 3964
1 972
3 2804 3363 1951
3 737 2107 2073
1 4049
3 2337 939 2382
1 1737
1 181
3 3039 1835 808
3 579 955 1729
1 3386
1 2091
3 930 3913 769
1 1823
3 1226 1409 2829
3 447 3563 2647
1 3345
1 1109
1 3094
1 1545
3 2045 134 3091
1 1304
1 2025
1 3536
1 3651
3 3170 683 1032
1 2420
1 557
3 4060 2264 4043
1 2948
3 1299 3280 2095
1 3837
1 658
1 1198
3 1878 1744 900
3 923 2081 3885
3 3144 458 441
3 26 492 378
3 3675 1027 2472
1 3664
1 2578
1 3078
3 7 3490 2551
1 3643
1 754
1 1954
3 3059 3961 2114
3 1353 4067 1289
3 1986 3124 239
3 2830 2495 627
3 1904 3203 2021
1 198
1 449
1 268
3 634 2807 1912
1 3993
3 996 260 1229
3 2731 1607 1353
1 1017
3 2530 2436 652
1 3367
3 3240 2337 1154
1 80
1 1492
3 442 1916 327
1 650
3 299 106 276
3 1849 642 2237
1 2901
3 418 1086 2459
1 1426
1 1896
3 2014 1551 2870
1 146
3 317 2899 2687
3 2043 2653 2311
1 1471
1 4005
3 2455 3139 2316
3 889 3549 4069
1 2402
1 647
1 3867
3 1205 3690 1862
1 425
1 1127
3 96 873 1233
3 172 1838 2509
3 2523 2251 1447
3 2000 1972 3012
3 1728 3778 1500
1 205
3 67 412 3572
3 3937 1981 1139
1 2733
3 185 3186 894
1 2233
1 3955
1 2861
3 837 1524 2696
1 969
3 2512 1595 1730
3 1607 3432 3894
3 2273 3972 9
3 1518 2039 1366
1 1601
3 1657 3482 1163
3 2061 1884 3625
1 782
3 2343 4036 3505
1 784
3 1610 2942 1635
3 3597 359 3150
3 437 2056 3650
1 1847
1 2227
1 1532
3 1968 3544 3671
1 4052
1 1647
3 2433 2705 3829
1 2464
3 1639 47 2969
1 3326
1 899
3 3234 2761 2507
3 1490 1728 2372
1 2150
3 3737 1754 1220
1 410
1 520
3 1785 1094 2047
1 162
1 2851
3 2588 837 1705
3 781 3278 1659
3 2577 3568 8
1 2106
1 3782
1 1615
1 3648
3 2996 1012 2038
3 3193 1221 926
3 3338 1118 1795
1 1004
3 1678 644 2146
1 2724
1 3849
3 3337 1741 196
1 1003
1 3604
3 2242 3236 3049
1 2570
3 716 2558 1418
3 716 115 2860
3 3126 3930 17
3 2138 3456 1937
1 159
1 3951
1 1557
3 2681 3698 1926
1 2595
1 1667
1 924
1 966
3 1189 2978 2083
3 3759 718 2075
3 437 1296 2912
1 3417
3 1153 1251 1644
3 866 3216 2569
3 934 3447 2227
3 1693 2177 2420
1 1424
1 3632
1 3304
1 1676
1 1165
3 3645 2452 2356
3 3162 2005 1426
3 2863 3479 2045
3 2518 671 3736
3 2273 3673 1564
1 3902
3 1778 1844 3310
3 3566 2830 2752
1 3447
3 1937 897 1739
3 563 2248 3554
1 1405
3 3099 3840 1840
3 1118 2415 2402
3 3948 1811 384
1 3134
3 819 822 442
1 1706
1 2839
3 3529 290 3244
1 3271
1 2817
1 1147
3 2583 3939 2061
3 3248 2901 2986
1 1782
3 809 2332 3905
1 1751
3 614 2092 3042
3 2043 3293 1924
3 1217 3844 1512
1 2385
3 2969 3337 1558
3 1370 1008 697
1 510
3 1558 2741 3251
3 3793 154 1657
3 1865 1776 1812
3 3416 2001 1756
3 1328 2473 3747
3 3988 2920 668
1 1164
3 652 342 820
3 3609 2959 1938
3 3210 4000 1671
1 1973
3 3185 2205 122
1 3850
1 672
1 3544
3 2059 778 3535
3 1136 965 3184
3 2914 3062 2563
3 26 1921 3430
1 2850
3 2114 1787 1633
1 810
3 3694 912 2516
3 1287 3602 2921
3 3066 423 2046
1 3698
1 2005
3 2120 1488 817
3 2329 1511 3965
3 2819 1791 1988
3 1269 485 863
1 37
3 1215 578 162
3 3424 2358 3802
3 270 269 312
1 1039
1 1978
3 736 1568 2201
1 4054
1 4078
3 3969 1040 102
3 3196 3225 188
1 2775
1 1661
3 2741 1272 792
3 3693 3824 3205
1 572
3 1392 2417 1713
3 451 2822 2728
3 2795 1496 4022
3 3156 709 1855
3 4053 505 297
1 3182
1 1974
3 1925 208 3409
1 3669
1 2249
1 3664
3 3136 3076 1402
3 1906 879 3145
1 3453
3 3489 1683 2572
1 4009
1 2878
3 3009 1780 2972
1 2954
3 122 1182 1165
1 2534
1 3714
1 2486
3 1806 1989 26
3 255 1559 1203
3 2238 1412 1785
3 3542 905 428
1 2816
3 2900 949 3035
3 3856 2322 1294
1 441
3 176 3058 1344
3 3475 2744 1964
3 3221 2031 2702
3 3661 352 2470
3 2930 2158 2098
1 3775
1 3541
1 1492
1 417
3 2706 1853 349
3 2958 1230 675
3 2706 1316 3751
1 3343
1 1534
3 997 253 3865
3 2792 2819 4011
3 2862 98 3998
1 403
1 360
3 493 1318 1126
3 2884 1158 3069
3 1292 877 661
3 3344 676 3775
3 3404 3212 3500
1 3336
3 743 730 2573
3 3733 1482 2375
1 1887
1 2508
1 3794
1 711
1 3826
3 2347 66 366
1 3216
3 518 3052 3396
1 2066
1 2066
3 3071 1901 1474
1 3494
1 1623
3 148 3999 3282
3 824 954 3655
1 2409
1 126
3 877 2319 227
3 1205 1770 2051
1 1340
3 1016 1750 3629
3 1412 2766 1427
3 2692 840 1740
3 3733 2962 3551
3 3504 2759 2821
1 2176
3 3734 318 1029
3 388 2874 2660
1 3200
3 1935 2206 3530
3 3263 3092 3439
1 541
1872
2147
2291
1376
1650
2810
1035
3970
1725
720
1702
320
3787
1510
2611
3470
2122
3319
3058
1041
619
3843
829
646
419
144
1529
2168
3639
3543
755
2086
372
456
1199
3972
3828
1769
2156
3352
3364
287
3374
1595
3588
1489
2275
3565
714
389
2185
2678
2823
3868
3317
717
2132
2260
283
3798
2528
1559
1972
3512
2040
2245
3154
582
1104
1646
987
1593
1629
2417
3363
1042
2790
2386
206
2140
3183
2048
2753
2268
269
1100
392
1225
2928
904
240
1051
2036
3055
1098
2983
513
2300
2257
718
0 0
