618 74
1 430
2 411 53
3 528 357 594
3 85 509 164
2 408 180
1 140
3 398 537 183
2 80 384
1 179
3 347 107 272
2 390 176
2 592 329
2 412 31
1 82
2 79 476
1 512
2 523 279
2 368 27
2 301 274
2 208 50
3 334 232 190
1 511
3 215 287 134
1 166
2 312 309
1 173
3 18 117 449
2 309 325
2 496 415
1 311
1 13
2 452 418
3 144 599 246
1 605
3 560 568 432
2 426 437
2 255 469
3 70 492 218
3 173 495 533
1 485
3 78 410 582
1 389
2 247 310
3 251 455 580
2 610 197
1 238
3 117 82 581
2 454 67
2 299 278
2 20 351
3 179 423 79
2 118 570
3 2 583 505
3 384 605 216
2 259 233
2 100 484
1 328
3 301 215 206
2 334 529
3 61 604 380
3 152 60 194
3 537 405 394
3 354 611 590
2 431 98
2 103 477
1 200
1 48
1 391
1 344
3 230 38 593
2 386 83
3 508 353 138
3 354 213 444
1 132
3 118 92 207
1 229
1 190
3 399 268 41
3 51 15 486
2 367 8
2 142 381
3 47 14 145
2 71 313
2 551 341
3 430 4 401
3 579 260 598
3 557 249 280
1 555
2 554 352
1 490
1 609
1 75
1 558
1 510
1 583
1 121
2 594 541
1 64
1 259
2 498 56
3 545 443 350
1 237
3 509 65 563
2 158 275
1 433
1 245
1 10
3 473 392 297
2 182 163
2 244 552
1 252
1 457
1 273
3 537 160 312
1 242
1 507
3 27 47 314
3 368 52 75
1 436
1 158
3 569 96 199
1 353
1 320
1 492
1 597
1 321
1 148
1 365
2 176 340
3 136 468 565
2 470 489
2 438 74
1 347
1 23
2 506 259
3 357 167 130
3 264 467 595
1 72
1 293
2 446 6
2 252 553
3 213 81 466
2 530 371
3 409 439 33
2 82 424
2 372 289
1 514
2 446 127
3 287 203 453
1 370
3 455 540 386
3 409 61 332
1 618
3 342 528 337
3 563 504 208
1 610
2 371 427
3 438 104 120
3 542 498 188
2 114 440
2 394 499
1 303
2 109 184
3 4 569 428
3 586 512 465
2 489 24
1 136
3 358 431 363
1 210
3 323 539 253
3 221 304 472
2 285 333
3 194 26 39
2 305 464
2 547 586
2 11 129
2 531 295
3 611 181 560
3 562 51 9
2 5 609
2 178 182
3 181 334 109
2 7 324
2 163 417
1 498
3 405 518 195
2 286 488
3 159 388 419
1 393
2 21 77
1 228
1 505
1 419
3 61 516 173
3 186 236 273
1 466
1 45
3 434 251 358
2 121 610
2 381 66
1 232
1 541
2 149 414
2 314 435
1 480
3 58 399 212
3 75 300 538
2 155 20
3 488 462 524
3 398 169 311
1 294
3 206 513 228
3 73 142 434
2 577 441
3 58 23 286
1 54
1 335
2 38 292
1 433
1 575
3 470 171 542
1 385
3 326 301 254
1 379
1 377
3 459 545 250
3 528 276 335
2 212 191
2 593 76
2 357 70
1 600
3 21 201 607
1 55
1 289
1 269
2 195 319
2 391 102
2 330 46
2 604 404
1 539
2 386 347
2 453 115
2 559 515
2 250 110
3 283 320 106
1 33
2 426 43
2 322 617
1 87
3 226 526 244
2 198 44
3 305 111 141
1 170
3 223 284 375
3 261 37 481
3 533 364 266
1 321
3 444 261 306
3 135 99 55
1 86
3 258 614 255
1 397
1 373
2 540 137
1 469
1 256
3 434 281 496
3 78 480 356
3 459 235 592
1 349
1 538
1 10
2 195 113
3 19 461 483
1 104
3 227 366 448
1 427
1 49
1 17
2 87 393
1 267
3 569 562 500
2 308 245
1 254
3 453 172 349
2 215 187
2 23 149
1 454
2 146 234
1 579
1 452
1 218
2 572 139
3 531 600 211
2 177 456
1 481
2 108 478
2 450 555
2 472 49
3 207 321 359
3 223 19 58
1 580
2 444 162
2 171 436
3 338 174 252
3 258 420 378
1 578
3 472 557 283
2 25 28
2 43 566
3 210 589 30
3 114 385 25
1 83
2 117 204
1 397
3 337 550 507
1 606
1 373
1 236
2 245 123
3 300 257 126
2 324 248
2 482 170
3 183 618 322
2 28 567
3 401 398 223
1 488
3 574 376 57
1 12
3 428 238 597
1 524
3 152 374 547
1 172
3 182 59 21
2 227 217
2 618 442
2 154 316
3 429 339 305
1 338
2 129 588
1 84
3 401 470 154
1 549
2 366 69
1 512
2 586 548
3 241 10 133
2 435 608
3 285 270 576
1 101
1 50
1 89
2 72 122
3 430 73 63
1 487
2 268 379
3 3 136 230
3 198 438 168
2 300 451
1 442
1 520
1 559
3 168 372 377
1 256
2 548 128
3 276 344 412
3 544 411 80
3 590 18 118
1 404
3 560 150 613
3 143 157 520
2 363 146
3 435 318 263
2 332 463
2 254 546
3 328 446 473
3 363 408 225
1 306
2 356 224
3 60 421 402
2 81 200
2 403 527
1 431
3 8 591 54
3 312 222 559
3 151 241 71
1 418
2 188 506
2 562 42
3 590 11 482
3 547 68 237
1 108
2 280 189
2 62 161
1 502
1 491
3 474 315 262
3 326 7 210
3 206 78 454
2 598 585
3 85 326 342
1 380
2 525 382
2 239 369
2 62 186
2 461 426
2 564 602
3 377 5 474
3 509 144 152
1 41
3 367 2 572
2 366 13
2 571 535
1 203
1 29
1 517
1 184
2 32 387
3 188 458 193
3 306 508 450
1 380
1 567
1 51
1 145
2 546 445
3 406 247 36
2 157 277
3 164 330 536
2 507 338
3 1 85 354
3 168 383 64
1 35
3 525 219 105
3 213 198 267
3 204 348 373
2 304 119
1 36
3 358 158 132
1 144
1 160
2 214 510
2 336 360
1 101
3 73 258 303
1 425
3 376 148 140
1 521
2 276 491
1 27
2 420 298
1 359
3 530 291 32
3 149 242 285
3 399 288 48
3 44 601 151
1 295
3 583 603 112
2 419 587
3 542 269 226
2 480 531
2 274 406
2 209 494
1 374
2 174 564
1 165
3 142 196 519
1 137
1 130
2 37 265
3 342 221 131
1 529
3 171 299 308
2 376 108
2 408 397
2 493 543
1 15
2 65 612
2 297 596
1 489
3 268 460 205
2 255 296
3 390 577 323
1 274
1 56
2 502 40
1 79
2 563 355
3 187 209 327
3 131 479 166
2 506 90
2 448 396
2 38 124
2 568 475
2 462 502
2 39 573
2 267 29
1 523
3 159 185 100
1 161
1 282
1 553
3 494 485 395
1 614
2 155 525
2 53 192
3 388 490 135
3 316 429 116
3 420 72 571
3 4 103 409
2 441 94
2 536 22
3 165 16 345
1 212
2 576 147
2 243 522
1 194
2 592 416
1 186
1 466
2 371 361
2 595 447
1 515
3 574 17 497
3 209 584 331
3 504 403 433
2 250 561
1 382
3 154 3 227
3 59 471 556
3 577 452 143
3 460 294 177
2 599 558
2 39 256
1 576
1 413
2 428 511
3 7 114 62
2 207 271
3 170 549 240
2 151 264
2 97 202
3 221 159 459
1 475
3 611 574 367
2 226 101
2 375 425
3 332 391 175
2 346 365
2 539 343
2 316 554
2 593 84
1 110
2 141 501
2 550 89
2 298 88
1 529
3 308 606 87
3 532 575 93
3 385 362 243
3 178 370 35
1 526
3 282 179 389
3 103 155 487
2 464 407
1 130
1 310
2 325 422
2 35 493
3 164 121 282
1 52
3 508 616 413
2 411 293
1 495
3 544 328 523
2 558 220
3 349 514 534
3 482 530 214
2 616 307
3 594 290 86
2 44 302
1 47
1 41
3 53 95 457
1 524
1 400
3 175 165 346
1 458
1 340
1 311
3 63 390 368
1 384
3 269 517 12
3 70 229 551
3 3 579 97
2 137 521
1 478
2 330 125
2 86 400
2 33 532
2 294 231
2 455 615
1 407
1 457
2 60 239
2 54 34
2 557 317
1 232
1 348
2 180 91
3 199 156 45
3 63 178 544
1 477
1 370
2 261 503
1 601
2 571 578
1 248
3 324 336 153
160
520
318
466
596
70
177
60
400
588
200
5
178
16
356
102
500
369
257
342
264
132
243
606
18
310
130
255
438
447
218
398
614
224
65
89
433
118
105
133
127
111
221
72
156
309
357
140
11
472
373
227
203
419
149
135
347
589
190
396
492
293
368
522
44
355
576
197
47
73
587
314
401
287
0 0
