621 76
1 470
2 179 551
3 470 282 440
1 450
3 148 41 212
2 591 442
2 405 477
3 117 407 510
3 289 183 32
1 294
2 454 210
1 573
2 458 126
2 551 500
3 71 131 314
3 609 581 108
2 588 45
3 29 111 86
3 47 509 433
2 418 538
3 26 246 457
3 395 219 371
3 418 181 362
1 108
1 509
3 519 21 47
2 272 416
1 571
3 147 18 139
1 307
3 96 519 608
1 9
1 343
2 494 189
3 383 250 197
1 589
2 493 154
2 594 338
1 312
1 619
2 5 303
1 272
1 276
2 555 450
1 17
2 107 275
3 26 243 19
3 242 239 120
3 408 368 400
3 302 255 548
3 196 306 253
1 209
1 239
3 480 449 296
2 122 367
3 470 582 96
1 402
2 97 525
2 391 451
2 322 97
3 285 496 444
3 561 610 560
2 263 325
2 532 145
3 374 552 506
1 151
1 202
3 75 180 316
3 128 604 130
2 492 191
3 207 426 15
1 394
3 111 404 92
3 491 258 232
2 148 68
1 449
1 281
3 224 311 469
3 319 272 534
2 140 462
1 599
2 139 369
1 300
3 243 124 385
2 380 226
2 18 346
1 527
1 339
1 209
1 213
3 568 479 331
2 73 386
2 352 229
1 238
2 179 205
3 56 31 113
3 60 288 58
3 131 223 432
3 541 521 142
1 613
2 363 151
3 610 413 483
2 165 621
2 336 550
1 176
1 287
3 200 46 323
3 16 24 601
2 593 620
1 317
3 18 607 73
2 531 446
3 96 482 541
1 330
3 582 315 492
2 267 327
3 475 8 546
3 552 234 217
2 175 511
1 48
2 326 135
3 265 55 418
1 326
1 84
1 221
1 13
1 472
3 374 299 69
3 593 605 214
3 69 564 437
2 15 98
1 432
1 376
1 401
3 121 307 439
3 273 351 507
3 559 387 606
3 277 364 388
3 29 561 82
2 413 80
1 387
2 99 188
1 378
1 335
2 64 468
2 513 597
3 282 29 148
3 147 75 5
3 164 159 434
1 371
2 101 66
3 565 240 454
2 432 345
1 37
3 369 613 238
2 580 279
2 455 186
2 558 271
1 149
2 237 267
1 305
3 315 224 543
3 277 612 425
3 473 149 459
2 440 103
2 266 320
1 214
2 486 379
1 522
1 461
2 413 467
3 567 596 263
1 359
1 534
2 516 119
3 559 487 105
1 284
2 568 344
3 382 95 2
2 68 335
1 23
1 617
2 9 585
1 529
1 270
2 157 204
3 482 336 285
1 142
1 34
2 492 537
3 70 494 409
1 323
3 402 557 274
2 421 195
2 194 220
3 423 513 51
3 35 505 587
1 520
1 508
2 218 107
1 595
3 244 67 545
3 361 283 447
1 186
2 95 301
3 548 365 405
3 519 473 71
1 379
3 414 52 89
1 11
1 363
3 5 536 565
2 411 90
2 129 167
1 288
1 570
1 118
2 255 200
3 22 514 523
2 195 542
2 596 125
1 257
2 98 465
2 162 78
3 282 423 466
1 85
3 587 486 261
2 308 472
1 93
2 536 599
2 386 284
3 74 484 249
2 337 305
1 118
1 283
1 335
2 543 160
3 155 475 94
2 48 53
2 152 268
1 484
3 306 48 563
2 47 84
3 455 202 517
2 457 474
3 21 382 485
1 501
2 582 403
3 232 317 384
1 35
1 438
2 285 349
1 51
3 265 516 408
3 50 276 218
1 505
2 329 222
1 74
1 602
1 392
3 227 373 576
1 532
3 172 63 553
1 609
3 383 254 122
3 306 562 166
3 160 310 116
3 240 480 445
1 550
2 372 185
2 158 420
3 79 42 27
3 315 526 136
2 193 489
1 46
3 255 429 43
3 372 138 163
3 401 377 389
1 156
2 417 298
2 323 77
3 3 225 147
3 203 235 333
2 231 177
3 187 252 61
2 367 422
2 301 106
2 97 215
3 475 9 348
1 540
1 378
3 433 547 360
1 588
3 322 10 614
2 533 461
1 54
2 566 602
3 280 478 324
1 128
2 389 83
3 205 287 424
3 440 436 50
2 41 342
1 415
2 233 161
3 51 266 242
2 135 30
3 466 616 228
3 443 554 453
1 267
1 78
2 517 39
1 479
2 15 574
3 115 162 273
1 68
2 249 110
1 591
2 436 79
1 166
1 489
3 423 60 294
3 107 281 192
1 298
1 63
3 478 123 121
1 116
1 354
3 369 343 257
2 380 114
3 91 460 476
1 480
1 283
2 382 566
3 180 236 144
3 187 359 104
2 589 233
1 38
2 549 88
1 516
1 344
3 303 415 431
2 329 33
2 178 341
1 153
1 86
3 543 588 520
1 289
1 252
2 524 544
1 136
3 536 358 93
2 544 586
3 503 328 592
2 459 569
3 616 577 619
1 527
1 352
2 336 173
1 292
2 583 203
1 23
3 533 101 211
1 138
2 206 411
2 549 390
3 55 512 286
2 49 398
3 82 155 329
1 391
2 22 150
3 457 277 270
1 261
3 498 128 65
1 381
2 443 133
2 278 535
3 476 143 291
2 168 208
3 548 330 85
2 415 375
3 246 334 179
3 608 35 265
1 249
1 84
2 92 231
2 137 141
2 138 399
2 278 300
1 366
3 552 370 59
3 618 458 260
1 447
2 446 72
3 398 22 402
1 535
1 490
2 368 395
1 388
2 49 427
3 495 134 278
3 395 57 193
2 248 441
3 73 618 583
3 206 572 7
1 617
2 8 528
3 254 495 49
2 191 481
1 416
2 365 213
1 592
3 102 140 171
2 598 209
3 342 304 381
2 27 410
2 502 280
3 122 20 23
2 613 438
1 271
3 525 580 194
1 286
3 225 196 322
2 301 611
1 163
1 71
1 400
1 522
1 276
2 487 452
1 342
3 98 153 132
2 19 292
1 149
1 562
2 302 319
3 130 488 464
2 419 251
1 135
3 3 165 302
1 403
1 6
3 485 309 376
1 61
1 268
2 112 394
2 203 393
1 539
2 54 76
3 44 4 531
1 59
1 430
1 309
2 152 11
3 505 157 244
1 621
3 21 245 372
3 392 617 13
2 164 355
1 331
3 295 598 170
1 80
2 476 578
1 437
1 223
3 225 559 308
1 171
1 145
2 78 527
3 1 3 56
1 530
2 228 127
3 207 609 164
1 245
3 238 289 117
3 331 378 463
2 7 508
3 298 326 579
3 91 595 313
3 268 332 54
1 409
2 113 187
3 102 556 593
2 232 241
2 246 443
2 227 168
3 176 539 430
1 437
2 274 321
2 555 397
3 610 74 518
3 115 70 190
2 502 37
2 191 34
2 408 401
1 61
1 581
3 561 530 374
1 604
2 14 584
3 567 570 247
3 526 417 493
2 540 354
1 513
3 197 256 455
1 65
1 136
2 477 199
3 19 25 590
2 8 529
1 119
1 367
3 196 504 146
1 219
2 575 549
3 254 175 340
2 244 312
2 491 524
3 31 26 207
2 347 198
1 99
3 587 169 428
1 219
2 518 350
3 58 421 540
3 273 502 591
3 469 357 87
1 407
2 510 184
2 498 471
2 450 112
3 594 262 64
3 608 295 363
2 79 174
3 377 600 396
3 212 230 352
1 190
1 20
2 487 448
3 525 290 503
2 113 99
1 220
3 162 347 237
2 350 353
1 202
1 117
1 292
3 50 206 380
3 515 339 366
2 104 269
3 2 615 14
3 65 391 118
1 263
1 309
3 583 490 44
1 483
1 193
3 565 575 158
3 466 137 176
2 62 568
3 139 498 62
2 266 435
1 242
1 130
3 212 558 152
2 334 297
3 575 501 172
3 560 178 91
1 355
2 501 216
2 621 28
1 405
2 607 12
2 314 603
3 558 515 567
1 261
1 356
1 463
1 478
2 421 156
2 16 497
3 56 115 248
3 404 361 555
1 500
1 183
1 353
3 197 522 227
3 347 293 17
3 616 337 36
1 509
3 526 6 318
2 354 412
3 483 109 129
3 618 38 532
2 479 201
2 172 221
1 146
2 461 414
2 230 81
1 535
1 108
2 297 259
1 574
2 69 499
1 129
1 137
2 111 573
3 31 383 533
3 473 264 16
3 62 102 491
1 424
1 163
3 155 419 100
1 294
1 551
3 308 356 589
3 458 182 406
3 404 594 392
2 356 40
1 109
3 103 456 571
442
303
374
503
424
499
398
457
192
579
582
235
342
609
514
147
530
414
345
548
204
373
97
515
68
89
126
122
607
313
501
189
238
617
509
353
318
212
230
131
62
279
202
603
397
490
370
559
168
566
274
409
460
22
252
39
336
264
595
298
182
571
614
427
3
93
144
403
34
13
354
2
84
324
497
54
0 0
