989 76
1 398
3 417 79 184
1 282
3 682 169 336
3 961 712 744
2 789 859
2 720 871
2 428 941
1 742
3 247 296 673
3 141 886 821
1 30
1 493
2 908 208
3 171 294 363
2 459 464
3 402 145 563
3 949 267 90
2 202 177
2 614 399
3 547 278 214
1 976
1 410
2 928 157
2 361 476
1 311
2 517 283
1 443
1 229
3 677 12 118
3 348 186 835
3 99 819 928
3 167 925 416
2 260 979
2 834 302
2 304 814
1 172
3 409 467 796
1 608
1 246
1 871
2 206 113
1 983
1 857
1 610
1 857
3 423 202 750
2 560 308
2 377 101
1 63
1 56
2 60 377
3 545 459 151
1 750
1 652
3 280 693 51
2 439 534
1 516
2 674 539
3 611 600 52
2 221 418
3 568 642 511
3 149 310 50
3 160 640 644
3 150 860 449
2 804 747
3 572 227 280
1 126
2 600 270
3 192 745 591
3 877 847 951
1 886
3 215 472 845
2 313 857
2 229 343
3 281 537 799
2 671 898
2 808 466
1 2
2 232 412
1 327
1 125
3 543 156 756
2 716 239
1 278
3 548 764 940
2 608 530
2 675 683
3 786 327 221
2 18 689
1 174
3 972 607 570
2 468 371
3 882 608 787
2 461 880
1 531
1 772
2 180 774
3 354 257 32
1 838
1 49
3 632 117 149
2 357 794
3 643 866 877
1 434
3 840 143 961
1 749
2 487 436
2 766 287
2 184 369
1 653
1 871
1 42
1 293
1 419
3 918 719 144
3 102 133 437
1 30
1 980
3 851 281 899
3 348 136 786
1 977
1 552
2 843 471
3 587 637 82
3 370 513 68
2 191 340
1 629
2 160 159
1 878
3 339 542 402
3 686 646 625
3 117 870 210
1 670
2 169 660
2 121 337
2 455 694
1 435
2 458 915
1 617
3 706 154 11
3 963 913 379
3 106 259 818
1 116
2 17 841
1 272
1 270
2 152 179
3 102 63 958
3 378 920 65
2 53 865
3 733 148 263
2 962 953
2 141 795
1 781
2 83 896
2 24 731
2 734 264
2 129 268
3 768 129 64
3 842 445 299
2 897 475
2 232 624
3 756 361 452
1 341
2 630 676
2 633 33
2 352 320
3 4 135 440
1 714
3 860 190 15
3 490 37 500
1 594
2 752 91
3 627 781 576
3 389 944 217
1 19
3 694 292 684
1 148
3 457 273 98
3 249 487 187
2 503 604
1 703
2 2 110
2 318 484
2 31 742
1 181
1 597
1 694
2 171 301
2 594 127
3 495 70 805
1 461
2 796 349
2 724 473
1 312
3 743 348 380
2 810 656
3 926 671 549
2 544 802
1 852
2 47 19
1 503
1 610
1 814
3 754 529 42
3 323 948 375
1 14
1 549
1 133
2 982 510
1 558
1 257
3 21 234 926
3 599 767 73
3 544 313 334
3 176 959 911
3 736 552 483
3 505 250 657
2 621 700
3 89 853 61
3 701 335 916
3 744 697 757
3 679 963 332
2 239 773
3 910 850 315
3 67 285 966
2 877 924
3 373 75 29
3 317 936 765
1 364
3 414 163 80
1 528
2 214 878
2 777 919
2 415 506
2 621 723
2 611 623
3 84 225 554
3 446 406 930
1 299
1 574
2 966 330
1 414
2 473 816
2 253 40
3 627 10 557
3 956 720 395
2 662 181
3 219 736 387
1 622
1 957
2 631 246
2 551 385
2 769 411
2 504 291
2 99 213
3 507 964 759
2 143 265
3 708 286 34
1 365
1 386
1 152
2 158 978
3 259 728 482
3 936 269 401
1 18
1 159
1 266
2 69 147
2 276 430
2 292 146
1 180
1 421
2 971 988
3 542 612 271
1 720
2 21 85
2 777 780
3 67 789 56
3 120 428 76
2 833 3
1 27
3 810 775 441
3 227 538 504
2 260 704
1 109
2 475 641
1 921
2 669 373
1 256
2 178 272
2 530 114
2 15 479
2 738 620
1 10
1 735
1 437
2 161 241
2 344 339
2 190 499
1 35
1 445
2 319 36
2 672 410
1 923
3 337 448 831
2 48 881
2 737 546
3 63 952 699
2 752 26
2 370 196
3 216 74 400
3 612 447 351
3 226 599 548
1 951
2 395 230
2 745 185
3 668 304 409
1 168
3 822 518 754
3 338 544 526
3 973 207 844
1 982
2 864 939
1 380
2 89 81
2 388 943
1 333
1 243
2 844 626
1 224
2 929 329
1 216
1 222
2 4 947
2 136 307
3 543 668 322
3 300 131 822
1 127
3 833 165 566
1 617
1 75
3 398 300 840
3 712 429 357
1 353
1 396
3 197 31 121
2 194 509
2 756 362
1 314
2 817 168
2 812 346
3 763 414 99
1 586
1 675
3 345 103 364
1 511
1 882
1 942
2 164 25
1 350
1 15
3 357 973 231
3 466 486 261
2 555 498
1 730
1 986
1 110
3 805 312 126
2 93 489
3 817 962 788
3 290 923 229
2 429 746
2 207 954
1 470
3 52 49 820
3 685 150 462
1 142
2 197 326
2 973 469
1 916
1 866
1 883
1 254
3 563 262 823
2 250 687
2 792 328
2 902 176
2 736 541
3 460 817 748
1 624
3 555 588 698
1 964
3 248 921 317
3 963 347 664
1 601
3 1 722 344
3 20 578 597
1 313
2 266 634
3 131 669 17
2 907 872
1 541
1 841
1 240
2 541 710
1 884
3 319 854 38
3 305 594 23
1 255
1 80
1 757
3 354 244 232
3 628 236 982
2 33 885
3 940 2 654
1 61
3 893 446 115
1 430
2 925 274
1 812
3 712 771 47
3 834 716 666
3 600 677 675
1 620
2 896 516
3 281 8 559
2 345 374
3 271 420 692
1 806
3 972 778 752
3 601 584 651
3 832 105 989
2 746 138
1 108
3 117 515 298
2 727 470
3 635 57 769
2 169 895
2 284 596
3 840 672 827
2 623 28
3 811 739 453
2 161 303
2 419 240
1 314
2 307 876
1 65
2 650 772
1 836
1 164
1 444
2 585 705
2 760 137
3 556 724 828
2 767 180
3 944 139 829
2 53 16
3 818 391 628
3 787 193 95
3 378 842 491
2 876 713
1 16
1 513
3 78 365 981
2 38 768
3 589 93 564
3 381 631 832
2 438 376
1 124
3 73 770 477
2 195 245
2 823 659
2 162 288
1 25
1 472
1 673
2 294 622
1 853
1 828
2 265 647
1 218
1 185
1 863
1 365
2 181 108
1 832
2 371 663
3 964 172 897
3 462 508 528
1 815
3 649 955 13
3 827 830 974
3 518 810 192
2 958 645
1 651
1 366
1 301
1 172
1 738
1 784
3 542 203 182
2 285 256
3 902 629 219
1 236
3 805 633 258
3 491 862 833
2 349 875
2 211 934
2 62 358
2 618 838
2 126 465
2 929 553
3 437 790 525
3 427 58 858
3 881 27 813
3 321 685 495
1 879
3 572 972 891
2 809 945
1 770
1 889
1 597
2 515 785
3 322 580 568
1 765
2 491 233
1 206
2 87 293
2 567 96
2 590 571
1 886
1 57
1 644
1 875
3 76 918 761
3 285 630 670
2 59 946
3 739 912 935
3 390 407 404
3 131 503 276
3 910 83 338
3 322 200 216
3 959 615 53
1 309
3 887 21 632
3 315 86 601
2 199 209
1 974
2 589 254
3 218 740 123
1 514
2 239 905
3 922 393 366
3 685 456 562
2 247 735
2 721 212
1 428
2 602 48
1 900
3 556 737 592
3 17 386 643
2 468 717
2 866 593
2 341 798
3 775 718 531
2 526 62
1 613
2 92 888
1 532
3 764 67 520
1 831
2 758 242
3 763 621 680
2 175 766
2 729 741
1 399
1 988
3 526 730 732
3 975 582 613
3 581 839 709
1 595
1 433
2 820 454
2 830 355
2 897 125
1 393
3 891 468 551
2 698 532
1 70
2 562 867
1 565
3 410 173 191
2 970 583
3 441 931 679
3 399 524 188
1 690
3 315 215 908
3 60 425 69
3 548 397 433
2 950 560
1 703
2 182 793
1 707
2 819 784
2 92 863
3 94 39 87
1 640
3 734 204 45
3 850 60 238
3 276 314 703
2 581 569
3 843 20 650
3 545 649 812
1 642
3 635 140 342
3 702 760 512
2 827 882
2 295 426
3 575 220 237
2 479 251
2 238 443
2 163 392
1 132
1 331
3 657 175 247
2 460 415
2 505 128
2 538 166
3 469 253 665
3 547 792 102
3 507 815 167
1 401
3 650 617 439
3 767 956 804
1 125
1 873
1 861
2 64 609
1 288
3 62 616 791
2 563 104
2 64 535
1 496
1 132
1 482
1 797
3 615 493 779
3 614 450 635
2 433 497
2 851 55
2 687 111
3 417 702 738
1 983
3 198 977 987
3 219 627 776
1 721
1 474
1 135
2 695 985
3 842 879 249
2 489 883
2 396 708
1 631
3 424 674 856
1 821
3 338 319 763
3 402 290 682
2 538 134
2 199 77
3 442 305 695
2 10 478
2 666 59
3 425 356 88
1 166
2 425 30
1 807
3 596 224 960
1 575
1 986
3 669 4 968
1 88
1 178
3 518 378 556
3 692 904 132
2 387 653
1 846
1 90
3 942 598 806
2 940 869
2 430 686
1 56
3 137 178 189
3 672 661 836
3 748 729 800
2 223 917
2 393 590
1 310
2 220 803
2 792 222
2 654 618
3 612 603 183
1 286
1 454
3 818 141 843
2 962 605
3 664 837 260
1 582
1 407
1 758
3 5 423 345
1 463
2 960 170
2 889 826
3 424 950 84
1 564
2 567 874
1 116
3 248 7 277
3 918 658 558
3 398 851 975
2 237 927
2 456 195
1 869
1 775
2 944 438
1 265
2 696 577
2 580 367
1 157
1 580
2 911 152
3 908 610 158
2 557 297
3 250 218 390
3 562 949 309
3 654 501 295
2 444 540
1 552
1 577
2 186 9
3 922 808 197
2 5 223
3 70 318 893
2 374 435
1 66
2 391 696
3 788 107 797
2 47 54
2 873 884
3 432 174 311
1 869
2 321 206
1 879
3 83 164 350
3 223 903 413
3 891 711 574
1 258
2 618 455
2 537 938
1 977
3 668 354 575
3 86 887 572
2 230 527
2 576 109
3 215 457 636
2 467 160
3 439 255 807
2 472 522
1 423
2 450 97
1 225
2 98 906
3 284 726 567
2 657 965
3 956 235 279
2 432 909
1 649
2 279 970
2 175 155
1 836
1 790
2 606 502
1 525
2 121 89
2 94 461
3 372 749 900
2 280 6
2 515 783
1 642
3 632 701 388
1 604
1 103
1 154
2 38 194
3 749 929 648
2 566 894
2 76 902
1 696
1 838
1 200
1 700
3 636 825 66
3 192 507 370
2 690 431
2 769 678
2 743 78
2 841 521
3 495 284 198
2 893 444
3 615 422 353
1 517
2 36 205
3 633 492 971
1 245
3 391 372 352
3 143 460 706
3 32 606 864
3 377 585 969
2 11 667
3 339 910 321
2 386 474
1 856
2 804 983
1 715
3 442 619 494
2 456 481
1 458
3 494 922 586
3 307 942 573
3 469 488 434
3 508 282 341
3 887 424 35
1 31
3 695 451 782
1 708
3 512 801 100
2 582 932
3 344 442 106
3 145 809 405
3 462 662 161
3 706 124 614
2 323 331
1 73
2 976 688
2 71 855
1 985
1 946
3 226 611 852
3 722 120 652
2 850 201
2 221 480
1 409
1 847
2 666 824
3 74 44 46
1 516
1 6
2 65 171
2 981 639
1 508
2 607 485
2 819 325
1 151
3 104 383 565
1 592
1 913
3 691 753 725
1 133
3 7 41 112
1 403
3 970 638 751
1 718
2 509 536
2 448 463
3 104 71 228
2 234 130
3 662 755 519
1 95
2 308 517
3 619 94 359
2 663 384
2 751 408
2 416 892
3 11 533 72
3 764 834 547
1 570
3 980 523 715
1 961
3 520 589 758
1 885
3 745 419 811
1 798
1 440
3 156 907 427
3 490 587 162
1 77
1 120
3 788 561 957
1 989
3 799 389 505
2 757 937
2 686 914
2 554 984
1 774
2 896 403
3 599 734 14
1 778
3 822 226 543
2 217 733
1 540
2 142 868
1 904
1 139
2 222 382
1 697
3 537 721 116
1 235
1 150
2 395 289
3 830 555 743
2 373 306
1 228
2 33 421
3 214 199 980
1 723
2 32 24
3 797 333 514
1 240
1 596
1 839
1 952
1 510
1 540
2 230 266
1 903
1 761
1 325
3 86 417 691
1 8
3 831 360 690
1 328
3 176 458 727
1 521
2 539 849
1 336
1 207
2 737 18
2 716 602
2 71 316
2 310 933
1 153
1 375
1 493
3 636 777 248
3 900 967 252
2 149 496
2 217 545
2 679 714
3 106 890 5
3 372 707 153
3 224 142 396
3 258 394 490
1 776
2 227 243
1 957
2 682 976
1 820
3 780 873 595
2 815 275
3 520 92 432
3 364 323 381
3 494 986 550
2 722 581
3 968 22 846
3 656 122 762
1 264
1 34
3 926 119 889
2 466 861
3 415 211 324
3 825 43 655
1 905
2 661 848
3 974 368 681
1 656
2 275 579
2 434 901
327
16
388
399
325
651
268
385
587
167
930
210
674
99
789
843
434
514
955
976
975
593
571
957
603
536
781
861
853
207
951
517
782
36
596
576
230
874
390
193
624
32
447
987
320
524
218
395
750
321
703
419
25
317
466
265
229
935
138
407
880
498
435
569
454
931
681
598
403
688
779
893
120
340
756
126
0 0
