922 84
1 279
1 20
2 569 466
2 277 97
2 898 861
2 584 319
2 277 414
1 194
2 517 781
3 268 502 390
1 860
3 709 625 920
2 498 717
2 330 397
2 430 454
1 660
2 383 776
2 51 350
1 259
3 678 2 607
2 740 227
2 484 78
3 356 317 580
2 891 155
2 33 697
1 214
3 755 683 217
1 758
3 223 64 490
1 76
1 522
1 735
2 280 25
1 292
3 243 525 553
3 64 188 235
2 590 73
2 358 645
2 171 472
1 262
1 224
1 473
1 553
1 784
3 499 533 693
3 258 241 842
2 703 738
3 169 639 364
1 683
3 100 93 816
2 378 18
3 408 385 822
1 640
3 336 427 374
2 436 797
3 692 404 347
3 718 315 441
2 186 415
3 564 479 113
1 478
2 403 827
2 186 537
1 491
2 29 36
1 727
1 142
2 410 108
3 167 489 858
1 300
2 376 480
1 225
3 321 701 498
1 37
1 830
1 173
2 107 30
3 533 887 737
1 22
3 600 725 792
3 883 457 96
3 401 575 99
1 691
2 318 491
3 644 599 284
2 199 435
2 793 242
2 388 348
2 829 694
1 269
3 639 353 123
2 157 143
2 284 613
2 50 778
1 206
3 476 393 729
2 80 239
1 4
1 687
1 81
2 918 50
1 239
1 319
1 158
2 530 379
3 730 899 165
3 585 492 158
3 236 871 76
3 67 895 566
1 870
1 412
3 249 455 583
2 475 276
2 59 177
3 321 653 706
3 598 551 663
2 819 849
2 602 205
1 889
1 797
2 916 724
2 619 888
3 877 728 559
3 90 760 532
3 645 352 514
3 873 713 311
2 679 503
3 386 201 642
3 822 763 409
2 894 422
1 718
3 838 609 275
1 444
1 523
1 415
2 748 780
1 796
2 629 260
1 182
2 896 898
1 689
1 178
2 745 66
1 91
3 585 231 643
1 370
1 845
3 831 160 458
1 357
3 490 722 783
1 593
1 302
1 622
3 283 579 771
2 405 787
2 24 573
2 547 756
2 713 91
3 106 103 838
3 731 889 233
1 147
3 549 649 622
1 369
3 911 429 341
1 348
2 105 278
1 557
3 922 386 68
1 459
2 489 48
2 593 661
3 641 39 539
3 317 321 394
2 416 75
2 859 803
1 503
2 495 651
2 113 271
3 540 141 443
2 789 811
3 698 679 690
3 378 746 774
2 575 138
1 332
2 551 558
1 589
3 482 62 58
2 506 576
3 36 524 197
1 619
3 226 810 538
3 390 828 413
1 834
1 541
2 786 8
2 622 782
2 486 325
1 188
3 492 547 202
2 746 85
2 586 354
3 127 290 421
2 198 790
3 587 436 629
1 404
2 117 682
2 215 94
3 270 426 380
1 892
2 908 772
3 382 922 408
1 827
2 691 361
1 591
2 432 26
3 886 308 206
2 706 500
1 27
1 389
2 340 548
2 453 360
1 579
1 259
2 505 29
2 513 41
2 918 71
3 419 343 190
2 21 872
1 546
3 476 616 250
3 717 595 796
2 144 681
1 357
3 159 440 496
3 526 617 836
2 36 666
3 424 676 107
1 692
2 845 829
2 96 101
1 702
2 46 329
3 86 740 879
3 729 35 634
3 511 897 835
3 584 739 527
2 313 471
1 608
3 451 857 446
3 630 111 378
2 229 389
1 552
1 446
1 325
1 540
1 707
2 532 330
3 500 806 823
3 852 839 46
3 657 19 222
2 137 266
2 721 615
3 886 711 40
1 616
1 893
2 769 467
1 260
2 711 463
3 554 10 719
3 833 425 89
2 443 207
1 177
1 582
3 746 659 715
1 536
1 131
3 112 795 518
3 885 4 7
1 165
3 1 418 356
2 439 33
2 489 606
2 326 302
3 908 819 153
3 84 755 92
2 860 381
1 535
1 294
1 787
1 820
3 201 678 388
2 618 449
2 920 34
2 809 751
2 674 287
2 844 621
1 626
2 909 702
1 529
3 418 805 349
3 433 69 445
1 915
2 282 151
3 729 336 886
2 671 668
1 486
1 901
1 838
2 215 791
2 771 741
1 578
2 125 662
1 399
2 831 246
3 511 630 488
1 57
3 848 578 362
3 23 172 505
3 774 789 83
3 6 102 567
2 423 648
3 172 114 72
2 907 529
2 624 588
2 394 767
2 196 253
2 811 282
1 772
1 392
2 241 531
2 256 14
3 349 735 712
3 777 670 183
3 819 655 689
1 398
2 390 507
3 303 54 420
1 763
2 473 913
1 615
3 542 219 773
2 163 691
1 613
1 226
3 816 391 874
1 614
1 839
2 56 901
2 87 164
3 299 331 484
1 18
3 680 600 574
2 124 610
2 90 563
2 200 710
1 690
3 279 23 511
3 479 148 232
3 575 38 499
1 799
1 220
1 212
1 316
1 384
2 48 890
1 764
3 554 585 766
2 714 820
1 450
2 790 162
2 457 145
1 516
1 581
2 567 708
1 54
1 647
3 617 70 709
1 384
3 249 181 51
1 104
1 207
1 285
3 418 210 608
2 482 17
3 499 377 363
3 52 439 618
3 167 431 127
1 682
3 290 400 87
3 250 218 447
3 10 335 191
3 344 815 868
2 835 328
2 95 424
3 172 831 324
2 748 433
2 896 786
1 14
2 507 334
2 917 312
3 388 685 758
3 623 802 81
3 735 628 856
2 605 61
2 56 204
2 478 154
2 535 589
1 863
3 210 52 826
1 128
3 653 67 736
1 887
2 721 110
3 191 483 801
1 7
2 58 134
3 437 173 840
1 544
3 279 299 382
3 549 226 680
1 336
2 201 752
1 129
3 693 320 734
3 393 236 841
3 269 640 883
1 207
2 54 555
1 665
2 163 902
3 793 656 15
3 386 720 475
2 829 214
2 395 300
3 639 852 495
1 85
2 203 55
2 804 416
1 574
3 385 280 700
3 233 696 726
1 57
3 633 855 896
3 178 270 478
3 891 866 132
2 300 824
2 248 252
1 389
2 893 761
2 291 545
3 680 546 368
3 586 248 750
1 541
3 706 687 220
1 15
1 111
2 480 657
2 80 370
1 147
3 571 519 168
2 697 636
1 685
1 905
2 267 688
3 792 543 862
2 888 508
1 3
1 265
1 613
1 794
1 870
1 246
2 39 844
3 633 42 338
1 646
2 431 112
3 833 229 95
2 799 493
3 443 405 60
2 59 357
3 70 921 456
2 879 695
3 826 186 383
1 413
3 349 22 833
2 813 568
3 598 196 305
1 858
3 314 619 593
3 68 281 169
3 29 846 149
2 83 63
3 106 860 198
1 477
3 805 587 869
3 434 848 176
2 233 775
1 676
2 72 13
3 358 384 45
3 216 900 257
3 855 560 721
1 10
3 126 175 910
2 699 830
3 317 223 549
3 808 187 540
3 335 867 398
1 465
1 521
1 785
3 356 244 314
1 604
2 521 224
1 124
3 631 893 704
2 734 371
3 698 9 915
3 276 658 779
1 459
2 773 904
3 570 509 513
2 884 31
2 610 133
1 188
1 35
2 922 234
2 245 675
2 722 614
3 322 298 544
2 895 104
1 329
2 123 256
3 45 743 77
1 823
3 731 286 406
2 663 274
1 62
3 190 807 626
3 171 541 692
3 506 178 254
3 539 193 452
3 568 603 340
1 464
2 529 417
1 449
2 450 228
2 198 156
1 219
3 505 419 161
1 611
2 115 184
2 645 251
3 35 684 43
3 818 268 366
1 427
2 560 669
2 565 166
1 184
2 122 798
2 501 556
1 756
1 881
1 353
3 912 908 59
2 661 557
1 108
2 319 373
3 485 793 542
2 712 3
3 826 521 641
2 685 459
1 768
1 155
3 351 438 870
3 81 182 358
2 187 665
3 813 745 914
2 316 310
3 153 582 221
3 23 818 598
2 828 372
2 579 272
1 111
3 642 245 6
3 366 144 106
3 919 451 200
3 494 203 757
1 323
2 406 185
3 624 37 878
2 614 213
1 776
3 488 170 150
1 771
1 230
1 734
1 727
3 580 115 486
1 84
3 351 733 79
3 757 742 885
2 631 117
1 542
2 625 512
2 757 403
3 281 674 677
1 20
3 382 843 247
1 131
3 352 523 916
2 649 550
2 642 647
3 92 468 342
3 528 345 591
2 261 339
3 229 770 263
3 234 813 376
2 385 291
3 488 189 121
1 656
1 295
3 161 152 195
2 805 401
3 907 323 590
3 12 809 604
2 538 296
1 770
1 402
2 203 137
3 314 249 808
3 659 602 515
2 716 853
3 818 473 442
1 243
1 648
1 460
1 650
1 747
3 48 90 434
2 425 53
3 570 686 171
3 127 612 584
2 144 864
3 836 84 727
3 38 124 552
2 774 474
3 612 375 834
2 320 635
2 161 611
3 906 637 850
1 176
2 711 749
3 114 410 907
1 862
1 333
2 430 620
3 456 785 259
1 518
2 273 631
3 883 16 894
3 170 847 565
1 311
3 115 536 911
1 894
2 576 428
1 235
1 914
1 304
1 556
1 332
2 820 304
2 707 753
1 738
2 606 294
1 527
2 236 497
1 606
2 290 20
2 180 126
3 419 450 351
3 231 825 794
2 205 387
2 27 49
1 553
3 400 571 461
1 641
3 453 98 748
1 463
2 333 140
2 180 355
3 341 82 212
3 539 237 56
2 45 423
2 88 769
2 481 764
2 440 723
2 25 460
3 719 517 180
2 802 504
1 439
3 72 880 812
2 297 240
2 713 47
1 515
1 849
3 114 453 216
3 754 672 255
1 373
3 376 859 12
1 354
3 262 652 267
3 331 730 569
3 125 703 157
2 810 367
1 273
2 804 632
2 13 230
3 822 130 57
3 268 698 731
2 431 876
3 501 412 261
3 149 528 799
1 696
1 120
1 79
1 440
3 644 597 65
1 122
3 95 243 303
2 712 105
3 719 159 535
1 755
2 600 854
3 423 596 516
3 331 402 32
1 410
1 77
2 47 673
2 245 851
3 242 875 21
1 309
2 601 863
3 533 906 882
1 847
3 577 142 788
3 181 199 273
2 857 638
3 687 395 135
1 652
1 451
1 293
1 421
1 672
2 873 707
3 284 732 27
2 156 561
3 587 601 605
2 400 28
1 864
1 123
2 448 768
1 812
2 128 337
2 695 365
1 900
1 366
1 324
2 761 572
2 694 265
3 616 918 627
3 153 309 594
2 209 327
3 340 520 865
3 181 318 646
1 496
2 17 592
3 885 884 332
1 93
1 518
1 135
1 9
1 195
1 149
2 910 44
3 657 510 817
3 396 873 194
2 154 288
1 745
2 318 179
2 202 369
1 308
2 79 464
3 568 430 86
2 681 469
1 276
2 230 136
2 55 119
2 559 814
3 722 359 477
1 841
1 413
2 401 699
1 174
3 877 716 437
3 299 494 623
1 257
1 538
3 630 877 506
2 625 293
3 190 917 714
2 179 326
2 701 762
3 617 577 485
1 798
1 391
2 50 344
1 785
3 580 633 554
3 283 116 333
3 367 671 289
1 869
3 52 718 128
2 257 534
1 445
1 681
3 408 482 570
2 61 211
2 191 581
3 238 88 432
2 504 74
3 394 147 313
1 854
3 484 269 476
2 647 192
2 244 392
2 234 644
1 851
3 158 131 307
2 258 346
1 416
2 424 800
2 46 892
1 608
2 472 295
3 858 238 146
1 490
2 661 744
2 495 316
2 116 705
1 650
2 739 837
2 434 258
1 632
2 733 832
3 442 912 501
1 402
2 248 747
3 68 487 845
2 709 174
3 492 285 11
1 5
2 464 654
2 742 407
2 643 759
1 773
1 444
1 507
1 391
2 494 821
3 574 470 109
1 107
1 227
3 786 754 125
1 344
1 740
1 720
3 808 804 122
1 590
3 242 905 481
1 701
2 898 562
1 743
3 425 660 80
2 777 522
3 601 277 777
3 303 215 262
2 77 411
2 121 465
2 159 118
3 364 909 919
3 912 24 444
2 842 208
3 515 448 264
3 660 664 129
2 108 530
3 442 139 396
1 244
3 139 5 881
1 105
2 500 765
2 347 306
2 429 903
1 902
1 520
2 879 462
2 743 650
3 653 322 624
3 564 209 283
2 890 297
2 503 784
2 663 163
3 855 564 891
1 338
2 577 667
2 517 301
2 610 120
2 810 399
3 770 100 225
2 890 586
2 12 292
1 480
3 210 167 526
21
298
536
675
856
878
410
9
330
881
760
371
780
843
487
356
872
167
459
120
42
3
471
559
887
322
890
520
863
592
589
696
684
407
234
405
699
463
199
246
328
542
158
674
632
549
503
893
73
170
902
716
29
384
831
607
681
281
57
665
69
217
98
744
651
688
453
575
668
667
679
641
185
103
448
507
192
894
442
467
846
142
233
635
0 0
