716 89
1 701
1 639
1 116
2 105 41
1 650
1 267
1 394
3 689 582 573
1 593
2 462 152
1 611
2 191 661
2 92 361
3 381 296 93
1 183
3 210 108 35
3 121 702 554
1 700
2 464 523
3 391 593 189
3 588 114 699
3 544 418 317
2 46 638
2 65 670
3 154 668 693
1 357
3 256 278 642
2 649 422
3 511 139 714
1 212
3 538 292 105
3 665 258 336
3 279 451 599
2 586 297
3 16 308 309
1 161
2 453 471
1 276
3 314 178 209
1 567
1 4
1 194
1 221
1 364
1 446
2 109 23
1 643
3 715 658 426
2 149 431
3 676 264 68
1 618
1 453
3 421 564 416
1 455
3 365 427 218
1 523
2 263 527
1 609
2 419 705
2 633 675
2 200 400
3 456 198 472
1 285
3 340 311 310
2 484 24
1 462
3 540 643 439
3 50 213 663
2 496 82
2 136 681
3 516 172 459
1 147
2 337 640
1 102
2 283 662
2 273 372
2 209 240
1 329
2 106 623
1 459
3 326 463 179
2 69 398
1 409
3 574 376 666
1 331
1 90
2 589 565
1 183
1 260
3 187 86 322
1 328
2 264 13
1 14
1 230
2 480 406
1 683
1 199
1 269
1 653
2 188 673
2 280 458
3 104 632 74
1 270
3 520 102 388
3 31 4 359
2 237 79
3 647 282 143
1 16
3 243 530 46
3 206 443 685
2 535 214
2 631 686
1 699
3 21 251 597
1 693
2 195 3
2 158 119
3 299 610 333
2 117 181
1 240
3 682 271 17
3 154 259 241
2 336 289
2 558 589
1 353
1 304
2 448 684
1 496
1 298
3 184 580 392
1 654
1 554
3 325 482 687
3 316 558 208
1 608
3 411 428 70
3 139 446 571
3 299 206 543
2 29 137
3 659 544 477
2 428 405
3 430 148 411
2 107 245
3 710 546 228
1 404
2 250 498
2 478 72
2 142 628
3 533 511 49
1 398
1 654
1 10
3 280 497 337
3 316 25 122
1 688
2 567 420
1 607
2 603 117
2 182 697
1 687
2 450 36
2 281 579
2 598 479
1 604
3 434 212 335
1 709
3 514 650 199
1 207
1 180
3 540 256 185
2 629 575
3 71 678 629
1 615
3 434 548 651
2 383 602
3 711 273 490
1 599
2 39 253
1 81
2 627 169
1 119
3 545 347 159
3 327 15 88
3 355 130 510
1 170
1 232
2 665 90
3 339 254 100
1 20
1 597
2 428 12
1 697
2 270 367
2 246 42
2 550 116
2 484 397
1 410
1 62
3 167 97 556
3 381 61 293
1 430
1 311
2 216 257
1 630
1 401
3 138 236 110
3 317 168 570
3 134 682 286
2 39 77
2 626 16
3 266 442 263
2 165 30
1 68
3 111 691 328
3 516 622 683
3 239 244 203
1 675
3 55 358 274
1 405
1 360
2 322 43
2 402 424
1 481
1 486
1 571
1 590
2 266 441
3 144 605 659
1 424
3 281 94 547
3 261 516 255
2 241 186
2 582 368
1 244
3 296 592 470
3 206 572 713
3 396 539 106
2 380 399
2 612 216
2 77 120
3 122 491 232
1 712
2 342 109
3 216 234 603
2 143 499
2 350 194
1 263
3 296 252 396
1 668
2 447 146
1 114
3 248 456 696
1 178
2 188 648
2 231 612
3 170 688 27
1 203
1 32
3 122 315 342
2 713 89
3 546 515 231
2 274 528
3 211 57 247
3 50 92 404
2 497 318
3 515 227 211
2 605 6
3 436 314 664
3 480 98 379
3 351 193 103
2 121 360
2 506 373
2 176 76
3 218 487 262
2 305 604
3 508 38 394
3 605 667 540
1 27
3 375 33 298
3 629 153 101
3 359 230 162
1 107
2 503 75
1 311
3 570 63 504
3 208 460 520
1 539
1 393
2 123 636
1 457
1 406
3 31 436 616
3 200 562 529
3 448 484 614
1 621
3 14 235 248
1 34
3 279 594 129
3 701 138 118
1 636
3 347 521 327
1 684
3 442 461 535
2 421 126
2 649 275
2 346 353
1 620
1 35
2 35 577
2 64 349
3 64 202 284
2 329 382
2 716 596
3 268 39 357
1 259
3 403 154 134
3 22 481 207
1 265
1 466
1 529
1 431
2 90 221
3 414 340 366
2 345 384
3 514 480 133
2 641 81
2 301 183
2 214 91
3 335 78 312
1 392
3 388 494 85
1 574
2 118 393
3 407 557 419
2 165 329
2 32 123
2 153 73
2 463 505
3 492 545 188
3 323 618 64
2 694 581
2 259 243
2 678 541
3 461 390 590
2 475 324
2 695 306
3 182 301 395
3 631 525 453
2 310 569
2 619 246
3 544 506 270
1 441
2 306 125
3 366 407 555
3 432 184 501
3 669 389 710
3 314 467 26
3 218 567 385
3 105 281 475
3 271 457 220
1 13
1 527
3 470 455 469
2 396 44
3 534 633 55
2 323 354
2 193 437
1 233
2 647 706
2 473 698
2 402 621
3 76 646 624
2 272 438
1 532
2 613 279
1 84
1 504
1 604
1 269
2 517 238
3 432 200 14
1 312
2 397 175
2 324 566
2 358 700
1 593
2 583 645
2 104 331
2 356 433
3 344 489 485
3 543 20 692
2 130 330
2 333 288
2 276 7
1 347
3 248 237 364
3 196 503 383
3 82 150 625
1 238
3 61 647 415
2 477 205
3 515 371 222
3 701 316 669
3 264 679 145
2 141 219
3 95 291 703
2 354 334
1 689
2 674 83
2 674 197
3 142 136 649
3 548 652 519
1 652
3 651 323 671
1 400
2 53 704
1 584
1 22
2 334 59
1 156
3 601 304 53
1 28
1 615
3 222 229 608
1 531
2 48 518
3 55 607 695
3 136 191 141
2 639 712
3 452 142 201
2 49 321
3 533 355 381
1 389
3 669 165 174
1 475
3 292 268 609
1 367
1 373
1 67
2 455 493
3 227 352 512
3 211 478 303
2 110 560
2 630 584
1 483
2 137 45
3 617 250 549
3 548 294 127
1 524
2 538 161
1 33
3 558 430 468
3 348 52 37
1 504
3 363 54 440
2 252 62
2 360 290
1 101
2 71 80
3 286 538 533
2 303 344
3 537 10 66
2 81 338
2 511 19
1 502
3 672 657 319
1 357
2 452 514
1 363
3 235 576 363
1 37
1 62
2 600 370
1 648
3 359 435 345
1 671
2 140 401
3 442 615 147
1 163
3 325 95 269
2 317 223
1 133
2 642 445
3 294 196 65
2 390 587
2 501 224
2 274 626
1 572
1 390
1 176
1 241
3 534 339 676
1 440
1 331
1 594
3 618 69 128
2 153 265
1 146
1 245
1 607
2 355 486
2 620 465
2 397 283
3 285 377 454
1 338
3 351 631 272
1 585
2 678 276
2 588 526
1 184
3 149 464 29
1 441
1 700
3 468 325 167
3 261 402 266
3 231 215 71
3 543 380 600
1 426
1 412
3 286 601 104
2 301 656
1 714
2 19 56
2 619 449
1 348
2 509 635
3 57 362 574
1 262
3 293 630 320
1 109
3 682 708 425
3 552 374 707
3 460 149 432
3 651 365 492
3 303 619 111
1 559
3 710 613 462
3 460 31 450
2 237 287
3 277 170 67
2 343 585
1 656
3 138 391 517
3 140 351 22
2 339 182
3 144 261 617
1 230
3 174 448 412
2 447 627
2 650 195
1 587
3 676 653 532
1 663
2 17 132
3 354 591 689
1 199
1 334
3 134 452 124
2 655 536
1 443
1 670
1 293
2 653 637
1 53
2 87 611
1 384
3 358 156 40
1 622
1 349
3 207 285 595
2 137 225
2 236 488
2 8 586
3 527 332 84
1 171
1 470
1 309
1 635
1 162
1 130
1 341
2 8 233
3 595 387 655
2 444 417
2 541 507
2 573 34
2 485 551
3 612 21 509
3 124 634 87
2 344 226
1 555
1 235
3 20 9 386
2 298 495
2 570 583
1 313
2 114 190
3 664 715 163
2 33 177
2 517 473
3 520 711 421
1 175
2 244 158
3 275 378 164
3 228 267 277
1 715
3 427 500 157
2 424 135
2 436 58
1 118
2 565 11
3 255 588 239
2 537 375
2 294 654
3 478 173 423
1 292
3 546 447 677
3 340 496 51
3 535 524 350
3 671 307 502
2 371 295
3 215 641 568
1 79
1 372
1 398
2 487 210
2 549 180
1 148
3 172 171 280
3 529 444 204
3 506 112 348
1 102
2 365 60
2 589 690
2 526 578
2 289 300
1 563
2 23 660
3 707 429 2
1 73
3 622 326 644
2 27 483
2 67 47
1 641
1 387
1 372
3 400 107 369
2 254 474
3 411 305 28
3 167 5 550
3 174 414 534
2 412 413
3 552 563 99
3 614 131 151
2 583 559
2 521 542
1 466
1 48
3 228 674 140
1 638
1 12
1 75
2 68 553
2 268 598
3 699 187 32
1 84
1 277
2 25 249
3 403 434 356
2 24 561
3 414 476 620
2 684 466
1 100
3 659 410 409
2 60 217
3 492 50 552
2 617 709
3 172 343 508
1 404
1 708
1 70
3 208 121 531
2 215 96
3 127 302 672
1 110
1 112
2 133 160
2 256 155
3 555 408 8
1 634
1 214
1 391
2 25 115
2 716 341
2 427 346
1 252
2 159 192
1 370
3 21 113 665
3 385 18 513
3 1 403 299
2 17 716
1 406
1 416
1 59
1 369
2 532 639
2 531 680
2 677 166
3 356 537 144
2 601 176
2 429 242
2 236 260
2 29 522
3 598 48 606
3 702 313 694
560
166
667
47
151
542
157
80
226
30
691
120
74
145
129
113
703
415
126
257
576
512
579
417
43
319
564
645
197
458
315
108
562
435
437
321
706
690
488
467
628
287
596
518
376
423
202
479
190
44
378
438
150
399
219
368
491
198
505
223
686
439
525
6
58
536
308
557
498
168
220
332
640
500
377
201
318
418
330
26
490
476
530
307
224
374
189
78
160
0 0
