992 56
1 659
3 901 344 330
2 934 664
3 66 155 248
2 739 646
1 15
3 725 32 595
1 467
1 760
1 346
2 698 569
3 841 345 266
2 929 71
1 660
2 44 6
2 693 645
2 504 897
3 353 960 840
3 358 265 906
3 247 578 151
3 403 530 485
2 171 430
1 84
3 961 495 313
2 916 42
3 357 432 891
2 726 978
2 606 967
1 216
2 278 731
3 768 308 172
2 7 954
2 237 681
1 377
1 304
2 244 654
2 905 137
3 461 732 734
2 195 116
2 925 805
2 548 675
1 25
1 860
3 277 746 15
3 443 948 775
3 440 436 257
2 775 134
3 361 189 911
3 520 803 931
1 257
1 262
2 698 612
3 522 157 815
3 447 753 860
3 768 404 795
2 717 289
3 484 141 965
2 370 81
1 912
2 907 199
1 985
3 969 256 318
2 641 448
2 440 783
1 78
3 859 564 4
1 526
1 390
1 724
3 166 749 283
2 13 742
1 325
2 184 577
1 798
1 657
3 397 643 449
1 724
3 545 883 65
1 778
2 866 357
2 58 447
2 546 263
1 720
2 122 23
2 462 153
3 545 771 929
3 299 159 503
3 180 497 924
1 567
2 795 649
3 809 244 354
1 412
2 765 610
3 642 770 818
3 443 852 545
2 168 150
2 124 227
3 952 398 351
1 152
1 793
1 498
2 709 401
3 937 384 704
3 232 919 457
1 704
1 366
2 818 531
2 539 373
3 484 197 597
1 852
2 904 380
3 351 228 382
3 326 513 605
2 761 633
1 821
3 39 721 542
2 889 316
3 132 806 348
3 131 187 184
3 990 831 504
2 861 655
3 604 177 84
2 217 698
3 815 800 97
1 644
3 255 496 413
3 377 678 857
2 488 988
3 696 644 725
1 882
3 926 119 523
3 370 118 179
1 834
1 47
1 733
2 154 563
1 37
1 542
2 588 499
1 577
3 57 979 458
3 299 220 412
3 777 887 297
1 528
2 414 745
1 431
2 501 782
2 371 254
2 151 794
1 96
2 20 149
2 260 99
1 85
3 922 136 851
2 4 337
1 167
2 53 754
1 333
1 87
1 224
2 268 584
1 546
2 372 705
1 438
3 539 977 703
3 246 331 70
3 586 733 156
2 601 96
1 700
1 272
3 749 22 850
2 31 519
2 825 262
1 752
3 337 558 784
2 935 892
1 122
1 854
1 132
2 845 88
1 327
2 452 876
3 647 399 609
3 119 855 73
1 239
1 888
3 119 459 946
3 834 769 752
2 48 516
2 872 444
2 404 369
1 494
2 605 208
1 629
3 564 241 39
1 731
1 109
2 853 833
3 60 251 870
3 670 662 868
1 352
1 977
2 543 423
2 623 341
1 445
2 896 663
2 566 441
2 193 764
3 303 862 620
3 408 898 386
2 470 455
3 288 921 918
1 446
1 802
3 462 767 715
2 265 29
3 378 984 123
2 805 881
2 732 583
2 142 350
1 962
1 533
2 816 914
2 809 160
3 591 559 312
3 588 736 594
1 97
2 112 963
2 826 992
1 243
1 320
3 652 104 586
2 939 250
3 735 418 278
2 245 796
1 349
3 669 33 700
2 360 692
3 326 888 185
2 898 419
3 195 275 566
1 667
3 373 230 836
3 91 762 36
2 637 235
3 250 166 935
2 418 20
3 4 428 616
2 661 322
3 233 246 813
1 199
1 574
1 801
1 148
3 475 126 786
2 62 445
2 46 50
2 662 285
2 713 658
3 636 152 820
1 336
2 173 51
2 82 437
2 829 687
3 19 216 637
2 12 837
1 463
2 749 161
1 445
2 701 653
1 822
2 601 170
1 468
3 297 804 421
3 241 744 567
2 309 377
3 616 777 44
2 234 30
1 595
1 479
2 904 817
3 491 385 525
3 70 801 768
2 561 402
3 258 773 823
3 843 582 661
1 663
3 643 212 518
2 56 980
3 585 934 656
3 888 970 392
1 906
1 523
1 781
1 927
1 752
3 143 274 627
3 605 335 540
3 522 87 142
1 741
3 737 910 522
1 799
2 726 209
2 954 35
2 921 940
2 400 701
1 846
3 31 533 822
3 641 589 276
1 730
3 850 676 873
1 225
3 24 757 799
2 807 470
1 336
1 117
1 936
3 62 905 366
2 841 452
2 673 231
3 566 846 601
1 249
2 472 528
2 769 665
2 488 72
3 755 113 239
3 978 181 628
3 691 588 429
3 529 465 580
2 2 483
2 166 487
2 843 622
3 978 941 158
3 692 604 841
2 298 492
3 712 315 261
2 155 175
1 470
1 979
1 681
1 204
1 982
3 877 689 835
1 2
1 12
3 699 793 10
1 597
1 118
2 568 236
1 220
2 98 112
3 864 201 466
3 548 886 18
2 91 562
3 642 834 647
3 982 884 785
2 80 26
3 498 19 709
2 487 415
3 659 735 238
3 394 543 48
3 852 668 986
2 862 607
1 896
3 699 539 926
2 318 106
1 803
2 945 821
1 191
3 950 58 132
3 898 848 148
3 743 592 163
3 108 243 890
2 988 527
2 551 599
3 433 591 551
3 276 34 127
2 735 217
1 428
1 111
1 762
2 112 962
1 742
2 103 743
2 282 480
1 210
1 832
1 891
2 661 917
2 789 68
1 590
1 291
1 779
3 819 739 361
1 554
2 525 729
3 842 76 877
1 98
2 183 450
2 689 306
1 102
1 284
3 839 21 872
2 55 191
3 424 561 809
1 761
2 923 814
3 885 611 210
2 782 667
1 728
1 951
2 142 92
2 126 859
3 786 145 641
1 359
3 706 608 763
2 613 679
3 234 247 498
2 240 590
1 929
1 274
1 865
1 203
3 720 405 713
2 696 828
3 475 720 489
2 824 985
2 248 379
3 328 825 517
1 22
2 718 146
2 26 808
3 489 376 603
3 974 669 774
1 469
2 46 702
1 263
2 549 164
1 680
3 758 46 64
1 207
1 947
3 508 45 95
1 190
3 256 205 269
2 514 213
2 81 54
2 63 537
3 76 939 506
1 399
2 593 515
3 319 182 512
1 549
2 655 460
1 211
1 576
3 104 706 593
1 141
1 187
1 454
3 652 38 651
3 643 215 85
2 750 267
2 851 697
2 329 958
1 352
2 872 8
2 871 273
2 629 435
3 314 211 338
1 985
3 807 730 323
2 797 477
2 975 893
3 955 426 255
1 564
1 473
1 889
2 585 280
2 385 693
2 587 811
1 700
1 330
3 739 57 109
1 21
2 513 524
3 331 359 614
3 748 325 128
3 426 433 903
1 884
3 630 282 861
2 335 879
3 640 538 511
2 662 192
1 24
3 126 554 579
1 88
3 418 101 358
2 139 723
1 631
3 815 147 546
1 918
2 87 961
2 120 17
2 713 615
2 449 802
1 573
3 786 443 839
2 957 987
1 550
1 493
2 452 747
3 113 486 648
2 810 446
1 451
1 189
1 429
2 288 738
1 172
2 746 49
1 783
3 301 53 299
2 131 293
1 486
3 282 396 685
3 709 866 67
1 374
2 323 144
3 755 991 329
2 21 534
1 107
2 655 570
2 308 222
1 530
1 730
1 722
1 448
1 493
3 365 108 165
2 298 942
1 963
2 116 138
3 361 760 203
1 690
3 95 86 78
3 501 82 162
1 770
3 919 353 41
3 598 438 453
3 703 598 510
2 376 375
1 765
1 796
3 496 395 728
3 899 858 973
2 991 865
2 715 682
1 175
2 225 606
1 691
3 405 908 284
1 354
1 136
3 66 476 195
1 800
3 241 207 321
2 275 89
3 644 349 944
3 11 925 727
1 532
2 922 920
2 640 951
2 862 507
2 637 252
1 729
2 639 456
2 73 140
1 20
3 496 630 969
1 329
1 613
1 286
2 219 677
2 161 982
3 651 290 479
2 232 167
2 835 481
3 328 139 226
2 309 989
3 419 391 972
2 376 225
1 372
2 457 451
1 226
2 7 279
1 837
2 109 347
2 550 549
1 375
1 716
3 321 168 272
1 980
3 433 832 983
3 334 122 638
3 113 193 298
2 559 28
1 363
1 416
1 183
1 93
3 408 789 930
2 52 976
3 984 581 417
3 487 787 650
1 505
2 248 277
3 621 819 642
3 877 699 880
1 831
1 209
3 955 737 617
1 332
2 825 204
2 845 691
1 775
2 692 867
2 297 949
2 327 718
3 865 469 194
3 579 959 491
2 969 500
2 745 843
1 114
3 659 955 842
1 776
3 670 671 260
3 265 245 574
2 604 847
3 802 894 576
3 745 572 493
3 414 309 63
3 617 94 355
3 76 462 288
3 129 568 125
2 16 714
1 5
3 355 957 183
1 513
1 90
1 614
3 461 928 585
3 695 232 461
1 270
1 36
3 121 454 532
1 290
2 976 75
1 259
3 1 360 634
2 801 14
3 286 389 249
3 200 258 494
2 206 287
1 3
2 324 964
1 933
3 409 902 242
1 362
2 434 237
3 777 200 636
1 636
1 838
2 966 320
1 774
1 41
2 311 758
1 583
1 127
1 417
3 743 953 439
3 33 340 844
1 557
2 762 913
1 914
1 525
1 849
2 264 792
1 921
2 343 400
2 991 544
3 624 560 328
3 238 334 626
2 480 16
1 989
3 826 726 652
3 859 425 129
1 464
3 123 11 52
3 618 346 365
3 237 482 169
2 306 270
1 436
2 165 550
2 103 105
1 163
2 457 416
1 710
1 968
3 358 102 526
2 827 707
1 783
3 961 740 336
3 424 259 505
1 645
3 215 557 878
2 767 600
2 810 56
2 628 431
1 857
3 426 83 424
1 116
2 851 536
1 499
3 839 77 69
3 129 864 7
3 695 303 27
1 569
2 554 410
2 396 575
3 472 535 310
2 30 196
2 38 219
3 167 135 766
1 38
3 360 378 234
1 226
3 621 301 900
1 518
3 394 5 484
1 712
2 871 300
2 71 383
3 384 680 372
1 275
3 145 632 640
2 44 520
1 512
3 966 488 756
3 70 171 268
3 899 463 781
1 909
3 188 296 174
1 54
1 157
3 974 326 529
1 748
1 313
3 676 772 440
1 799
3 543 9 776
3 930 406 114
3 244 381 683
2 416 882
1 208
3 965 552 93
1 733
2 215 716
3 283 31 55
2 188 324
2 94 547
2 86 830
2 758 779
1 285
2 434 674
3 45 625 47
3 760 798 635
3 277 670 143
2 848 79
2 772 393
1 895
3 750 294 856
2 147 409
3 64 711 521
1 175
1 356
3 255 508 414
1 614
2 866 797
2 611 390
2 819 829
2 835 923
1 687
3 346 896 100
2 149 863
3 55 90 938
2 235 553
2 788 473
2 776 74
3 313 302 759
2 124 565
3 283 253 660
3 506 214 639
2 49 367
1 274
2 40 218
1 118
3 919 472 314
1 432
3 405 224 91
3 900 717 514
1 481
1 981
1 250
1 407
3 53 501 124
3 983 223 937
1 281
2 94 107
3 617 790 394
1 260
2 368 115
2 308 271
1 285
2 986 427
3 429 173 623
3 900 695 229
2 923 710
1 425
2 790 264
1 771
3 120 933 619
3 603 990 387
2 198 927
3 355 133 188
3 343 791 587
2 243 932
2 266 596
3 868 956 672
3 508 403 724
1 18
3 334 319 12
3 634 397 885
3 632 286 332
1 681
3 952 624 180
2 321 307
1 638
2 371 778
3 936 971 686
2 171 311
3 154 464 722
3 95 362 110
2 907 198
2 930 178
1 184
1 781
3 127 719 912
1 555
3 413 66 696
2 54 43
2 491 121
3 209 573 363
2 794 950
2 725 352
3 556 629 422
3 526 80 788
1 626
2 200 838
1 946
1 199
3 880 741 468
3 403 467 190
1 311
3 986 936 947
1 992
1 182
3 397 618 343
1 715
1 492
2 618 871
1 218
2 763 130
2 78 945
2 356 490
3 842 952 408
3 353 943 981
1 143
3 239 186 291
3 988 117 478
1 373
2 26 388
1 176
3 474 968 922
1 639
2 909 780
3 793 206 364
1 17
3 210 371 240
3 975 555 750
3 737 826 810
2 980 2
1 667
1 489
3 939 281 111
2 318 37
2 19 292
3 948 60 853
1 561
3 957 751 895
3 301 974 966
1 48
2 857 59
1 683
2 223 684
1 938
2 959 25
1 389
2 212 502
3 104 807 548
1 571
3 212 305 688
3 893 154 571
3 791 827 407
1 88
2 569 40
2 365 131
2 833 295
1 651
3 86 420 13
3 611 761 854
1 49
1 836
2 831 666
2 290 3
2 246 176
3 874 317 849
2 816 103
2 795 915
3 449 904 233
1 305
1 333
1 540
1 886
1 568
2 883 368
2 187 869
2 874 442
3 45 975 907
1 627
2 863 370
2 572 411
3 885 845 98
1 680
2 32 304
3 634 475 621
1 838
3 647 509 909
1 465
2 630 916
1 18
3 503 24 712
2 382 221
2 228 541
1 665
2 57 765
3 910 748 673
1 28
2 893 708
3 579 631 62
1 291
1 849
1 590
1 555
3 910 755 434
3 948 899 474
2 612 657
2 165 202
3 27 333 327
2 141 339
3 289 602 901
2 886 812
3 584 342 356
2 603 816
2 217 613
3 427 61 471
3 362 874 824
1 509
3 128 889 374
2 589 694
2 832 120
3 529 690 556
2 229 875
817
648
242
511
547
65
759
619
251
115
757
130
466
236
887
482
869
456
541
714
253
202
169
823
338
410
747
780
178
279
100
471
973
159
347
388
820
342
42
423
69
847
6
164
315
544
744
970
684
903
686
911
594
478
174
442
0 0
