512 66
1 456
2 165 105
3 350 12 165
1 345
2 136 332
1 272
1 310
1 447
1 197
3 96 175 154
1 318
2 3 365
3 174 462 397
3 321 243 200
3 316 80 106
1 306
3 82 57 448
2 373 28
3 430 294 53
3 329 148 437
1 424
3 27 445 201
2 258 458
2 287 59
2 105 233
1 84
3 312 22 453
2 18 178
3 476 465 301
1 192
2 361 94
2 269 355
2 78 429
2 238 327
3 215 400 119
2 393 210
2 329 413
2 102 44
2 349 138
3 373 115 380
3 405 510 241
1 380
1 462
2 38 172
3 308 153 125
3 491 269 305
1 218
1 508
2 431 224
3 316 310 441
3 360 512 244
1 503
1 19
3 170 267 291
2 437 121
1 510
3 17 431 402
2 137 379
1 24
3 334 61 468
2 60 160
2 111 272
1 460
1 364
3 112 300 191
3 260 307 381
1 473
1 74
2 360 329
3 448 433 101
2 235 159
2 219 304
1 303
3 196 68 146
1 477
2 189 134
2 314 128
2 263 33
3 116 182 356
1 15
3 358 367 194
3 188 17 169
1 451
3 498 26 319
2 208 349
2 393 227
2 158 364
2 284 398
2 116 167
1 327
3 454 439 215
2 271 464
1 320
1 31
1 262
2 273 10
3 155 255 467
2 120 147
2 372 502
2 463 475
1 70
3 368 38 228
1 337
3 262 116 382
3 2 25 477
1 15
1 482
2 388 183
2 351 254
2 191 434
2 173 62
2 128 65
1 325
1 144
2 40 132
3 104 79 89
2 390 383
2 492 143
1 35
2 394 98
1 55
2 185 331
2 228 311
2 191 406
1 45
3 483 306 343
3 506 213 170
3 77 112 174
2 166 145
2 247 484
2 267 249
1 115
1 241
1 76
2 404 176
3 253 5 485
3 343 58 417
2 39 152
3 453 418 394
1 411
2 456 262
1 450
1 118
3 504 345 114
1 129
1 74
1 98
2 20 151
2 280 265
1 281
1 148
1 138
1 45
3 10 391 221
3 343 97 198
1 365
1 402
3 472 497 87
1 71
2 61 428
1 512
3 288 473 351
3 224 284 449
1 221
3 3 326 2
3 224 196 129
2 89 378
1 399
3 82 314 263
3 127 54 247
1 193
1 44
3 350 111 486
3 128 13 405
2 10 479
3 135 323 339
2 289 206
2 28 346
3 341 264 223
2 211 363
1 509
1 79
1 108
1 370
3 281 209 122
1 354
1 201
3 456 358 82
2 272 76
1 332
3 65 110 124
3 409 423 30
2 512 171
1 81
1 436
2 166 74
3 367 9 399
3 155 463 252
1 419
1 14
2 22 187
2 294 408
2 458 229
3 457 321 288
1 369
1 177
1 255
2 288 85
1 185
1 36
2 433 180
1 449
2 127 489
1 249
3 91 35 359
3 263 273 218
1 225
3 216 225 47
2 470 72
1 418
3 154 164 446
1 439
1 179
3 49 163 166
3 218 217 324
2 415 266
1 86
3 102 123 309
2 203 432
2 298 474
1 300
1 502
1 25
1 475
3 409 371 71
2 245 295
2 307 447
3 335 460 34
3 242 438 440
1 291
3 41 133 407
3 415 499 239
1 14
1 51
2 443 236
1 494
3 170 130 505
1 396
3 131 436 214
1 345
1 257
1 198
3 454 136 507
1 109
2 97 207
2 507 500
2 486 251
3 300 23 337
3 496 260 409
3 259 419 66
1 447
3 141 104 95
3 169 216 78
1 179
1 149
3 226 276 430
2 54 131
2 424 333
2 46 32
2 511 443
3 435 92 469
3 62 189 6
3 216 454 96
1 490
1 366
3 266 490 393
2 427 471
1 298
1 371
2 376 149
3 299 150 185
1 392
3 405 299 315
2 163 88
2 489 325
1 369
2 416 24
3 204 208 162
2 375 177
1 505
2 54 240
2 296 350
1 305
2 19 202
1 236
3 386 292 384
2 416 509
3 309 230 278
2 283 281
3 65 231 258
3 29 426 488
2 309 390
2 353 73
1 72
2 46 293
3 126 435 16
3 66 237 342
2 312 45
3 228 302 298
2 50 7
1 123
3 504 27 308
3 453 492 334
2 169 77
2 283 372
3 510 50 15
1 493
2 503 11
1 84
2 334 93
3 204 491 14
2 375 387
1 176
1 225
2 285 113
1 165
2 34 90
3 473 395 452
3 69 37 20
3 438 457 483
1 122
3 5 360 190
1 268
3 313 320 60
3 429 366 238
1 347
3 258 103 493
1 427
1 176
1 421
2 478 179
1 307
3 126 137 155
2 431 481
3 144 250 4
1 178
2 392 336
1 390
2 85 39
3 292 173 3
3 162 109 450
3 366 416 376
2 376 303
2 464 186
2 32 459
2 79 401
1 394
3 188 415 81
1 215
3 332 69 51
3 386 427 31
1 367
1 180
2 87 64
2 12 156
3 335 275 352
3 81 362 197
2 462 102
3 478 205 286
2 387 184
3 235 451 279
2 315 99
3 433 40 18
1 472
3 397 322 289
3 352 353 280
2 489 392
1 167
1 58
2 40 42
1 66
1 104
1 117
1 296
3 476 425 411
3 499 296 361
2 322 370
3 397 108 476
2 448 480
3 302 348 117
1 154
3 377 282 347
3 276 86 36
3 139 120 357
1 328
2 414 248
3 13 375 388
1 88
2 197 168
1 35
1 356
2 57 157
2 451 410
2 475 135
3 174 283 41
2 124 422
1 241
1 202
3 259 192 235
1 403
2 385 140
1 485
2 37 482
2 418 396
3 358 226 242
3 352 287 297
1 137
3 139 220 414
3 260 199 495
2 441 461
3 435 494 340
1 406
2 192 501
3 430 268 21
2 385 498
1 301
3 361 277 338
1 160
3 33 335 472
3 266 424 19
3 57 49 344
1 229
3 70 211 373
1 110
3 306 421 271
2 249 195
2 20 55
2 239 330
2 91 222
2 239 496
2 50 420
1 488
2 270 245
1 486
1 22
1 221
3 237 8 261
3 17 70 389
2 163 212
2 351 142
3 371 83 403
1 328
3 27 139 313
3 273 253 91
1 484
3 1 188 141
3 330 503 204
3 23 203 511
1 355
2 238 63
1 420
3 13 43 368
2 198 100
2 92 354
1 29
2 494 470
1 97
1 60
1 271
2 466 219
2 277 487
3 429 158 374
3 162 67 328
1 230
3 100 234 404
3 388 29 385
2 105 75
3 507 369 341
2 175 508
1 389
1 344
2 413 107
3 330 126 506
2 130 455
2 136 412
3 173 257 444
1 471
2 301 442
3 213 377 285
2 276 274
2 321 46
2 313 118
2 337 317
3 421 246 466
1 419
2 440 259
1 158
2 425 84
3 242 386 504
1 256
1 423
2 99 232
3 457 52 318
3 499 144 312
2 247 290
2 483 127
3 253 478 256
2 479 48
2 297 181
3 41 56 316
2 458 270
3 51 161 193
6
220
161
379
134
408
147
381
234
21
248
156
290
67
30
465
293
304
222
159
323
68
73
7
231
43
210
59
190
264
199
400
140
119
455
95
384
146
282
153
474
428
261
103
182
171
278
80
240
150
412
132
107
363
407
382
206
233
481
151
232
94
311
106
410
338
0 0
