946 86
1 924
1 739
2 661 430
2 471 116
1 9
2 62 468
1 399
3 277 257 534
2 890 5
1 198
1 313
3 924 833 460
3 245 247 166
2 118 722
1 740
2 799 188
3 171 53 504
3 52 419 325
2 384 714
3 349 473 881
1 870
2 663 938
2 494 390
1 462
1 846
2 498 179
3 342 72 400
2 397 717
2 165 672
1 841
3 628 360 186
1 40
3 789 253 129
1 518
1 374
3 648 772 760
2 789 422
3 797 213 346
1 728
3 214 32 915
1 392
3 766 177 676
1 762
2 369 221
3 765 165 341
2 694 210
3 143 243 56
1 234
3 176 392 883
1 911
3 935 568 148
3 480 18 74
1 17
2 750 887
2 328 459
1 47
1 400
2 838 206
3 238 189 199
1 577
3 218 485 851
3 286 589 6
1 852
3 712 442 843
1 346
3 364 586 908
2 541 763
2 231 770
3 935 331 889
3 762 368 154
2 613 576
1 27
1 470
3 52 378 724
3 764 687 306
3 204 429 418
1 290
2 770 725
2 817 629
2 95 647
1 658
2 180 254
1 195
3 893 762 910
1 335
1 803
1 89
1 895
3 812 871 87
1 427
3 560 117 927
3 358 391 646
3 252 674 842
2 407 477
2 375 80
1 930
3 572 903 307
3 273 162 564
2 674 778
3 215 546 730
2 304 939
3 580 559 747
1 264
1 732
1 599
2 623 432
1 203
2 170 343
1 821
2 472 271
1 716
2 402 476
1 859
2 613 450
3 144 359 509
2 4 823
1 91
2 503 14
1 221
2 246 190
1 672
3 553 207 554
1 395
2 702 483
1 164
1 878
1 321
1 230
2 33 577
1 675
1 420
1 765
2 249 454
2 412 872
2 921 513
2 186 685
1 347
2 214 632
3 772 489 824
3 832 916 324
2 808 536
2 626 205
3 424 47 751
2 563 115
1 637
1 410
1 226
3 51 907 521
2 921 446
1 865
2 923 461
1 633
2 828 905
2 70 561
1 302
2 335 698
3 358 182 381
2 881 517
1 466
2 308 858
2 570 710
1 98
2 543 600
2 811 125
3 45 29 302
3 13 523 864
1 865
2 786 492
1 843
3 769 719 108
3 612 235 17
2 607 729
3 481 821 487
1 506
2 744 888
2 887 49
1 42
1 585
3 26 663 832
2 288 82
1 272
2 157 926
3 750 718 315
3 566 426 463
3 775 820 553
3 31 519 136
1 783
2 16 692
3 59 690 886
3 120 439 223
1 304
1 625
3 659 353 840
1 594
3 764 83 320
3 361 216 383
1 909
2 326 10
3 59 567 200
1 199
2 272 737
2 700 804
3 352 107 466
3 463 661 76
1 142
3 58 497 344
1 122
3 603 616 373
1 743
1 46
2 484 479
2 384 651
3 38 945 928
3 918 40 138
3 788 620 100
1 196
1 266
3 457 61 334
1 919
2 336 327
2 44 119
3 913 342 774
1 190
1 582
2 301 680
2 649 147
1 309
2 820 406
1 896
2 449 128
3 641 245 68
1 524
2 306 438
2 622 48
2 171 355
3 824 266 682
1 670
3 772 59 263
1 763
2 241 494
3 469 240 686
1 544
2 47 403
1 552
2 231 13
3 893 120 923
2 13 658
3 426 372 532
2 733 133
3 677 470 802
3 637 688 591
3 818 93 301
1 33
2 82 389
1 638
1 817
2 8 264
1 407
3 760 323 287
2 786 358
1 276
1 911
3 238 296 627
3 257 707 103
3 780 298 269
3 236 622 217
1 627
1 836
2 265 665
3 881 643 867
2 110 443
3 634 181 201
3 349 579 98
1 285
2 892 914
2 516 261
3 791 799 8
1 703
3 493 803 496
3 812 919 522
1 673
3 925 547 393
2 616 314
1 515
3 354 793 274
2 649 62
3 259 726 705
3 331 374 180
3 307 816 398
2 593 77
1 338
3 942 815 912
2 543 329
3 296 565 370
1 330
2 263 294
1 340
2 265 405
2 752 849
3 642 806 515
3 252 225 652
3 165 155 655
1 386
3 926 191 101
3 635 670 759
2 75 233
2 97 289
2 630 160
2 617 227
1 680
1 636
3 498 742 836
2 458 11
1 283
1 183
3 797 900 773
1 442
1 748
2 463 484
3 195 892 735
3 942 482 127
2 864 529
3 259 537 407
1 140
2 18 437
2 674 198
1 220
3 845 55 789
2 293 379
3 402 859 295
2 69 288
2 704 761
2 490 934
1 218
3 940 85 156
2 378 220
3 418 581 411
2 735 291
3 507 569 716
2 386 297
1 45
2 222 27
2 108 755
2 206 720
3 776 879 538
2 38 65
3 511 472 137
2 738 790
3 845 20 273
2 652 376
1 920
3 394 203 922
1 193
2 867 285
2 235 857
2 837 508
2 585 681
3 260 92 157
1 115
2 31 410
3 489 196 488
2 868 749
2 448 828
3 791 377 66
2 731 469
1 930
2 736 837
1 70
2 936 44
3 294 782 495
1 869
3 248 825 612
2 208 397
3 288 35 811
3 678 95 807
2 350 623
2 364 704
3 74 336 635
1 329
1 815
3 157 395 607
1 686
2 196 691
3 820 19 212
1 892
3 630 340 303
3 620 388 457
1 387
1 254
1 23
2 92 776
2 49 41
2 282 917
3 710 352 583
3 381 123 575
1 456
2 373 28
1 289
2 825 7
2 27 57
3 802 500 754
3 826 330 112
2 243 727
1 492
1 298
1 228
3 323 258 94
3 777 478 708
3 726 467 862
2 360 146
1 337
3 846 587 134
1 871
2 645 667
1 863
1 697
3 943 781 637
3 76 639 337
3 18 814 678
2 724 131
1 703
1 37
2 742 428
3 834 143 594
1 766
3 184 248 775
2 660 90
2 423 626
3 76 630 599
2 3 524
1 499
1 106
1 830
1 759
1 662
3 655 870 697
2 325 921
1 233
1 190
1 819
3 939 822 739
3 64 317 918
1 271
2 539 684
1 650
1 149
1 810
3 521 363 748
3 451 230 608
2 114 852
3 663 449 812
1 614
1 616
2 133 813
3 537 750 634
3 639 715 396
3 387 662 218
3 835 679 313
1 55
3 12 566 590
1 151
2 816 24
3 184 319 204
1 758
1 854
2 203 159
1 409
1 6
3 365 712 241
3 250 896 73
3 522 874 4
2 347 110
1 20
1 562
3 500 671 785
1 112
3 94 533 866
1 408
1 211
3 505 52 798
3 590 929 173
1 321
1 124
2 319 211
1 61
3 565 817 695
1 173
1 361
3 139 361 593
2 738 333
1 693
3 168 603 404
3 775 279 540
2 240 23
2 370 506
3 279 902 539
2 206 571
3 818 26 312
2 811 431
3 401 510 475
1 513
2 945 511
2 945 118
1 17
3 731 480 642
2 495 174
2 824 339
2 356 890
2 115 530
3 500 580 701
2 502 347
1 721
2 135 501
1 844
3 300 780 284
3 773 758 276
1 158
2 837 34
2 186 847
1 916
3 148 838 448
2 280 471
2 166 745
2 430 232
1 922
1 767
1 706
1 538
1 322
2 509 596
3 648 677 746
3 248 744 893
2 477 899
1 8
3 662 588 656
2 141 618
3 323 897 455
2 345 528
2 496 444
1 493
2 744 67
1 866
3 652 163 293
2 623 242
1 645
1 100
1 282
1 785
2 718 753
1 568
1 855
3 770 675 244
3 185 122 736
1 122
1 688
2 826 944
1 669
1 909
2 102 585
2 628 91
2 154 848
2 719 474
2 572 144
2 98 595
2 294 486
3 460 787 184
1 199
2 51 550
3 339 645 699
2 802 161
1 497
3 748 563 97
1 594
1 794
1 395
1 71
2 129 60
2 907 891
1 273
2 510 102
1 337
3 617 861 224
1 394
1 940
3 559 357 178
3 66 702 683
1 412
2 535 839
1 62
2 460 481
1 251
1 822
3 489 738 290
3 424 194 573
1 564
1 530
1 657
1 884
2 429 105
1 163
2 619 653
2 761 901
3 492 208 792
1 745
1 724
2 889 611
3 381 757 172
1 449
3 723 898 765
1 670
2 606 732
3 372 826 171
3 651 114 71
2 636 452
1 931
3 208 453 283
3 711 582 309
1 536
2 626 601
3 215 797 387
1 719
3 266 863 234
3 376 106 544
1 697
3 810 192 932
3 428 142 619
2 263 267
3 781 560 31
1 79
3 429 308 386
1 683
1 138
3 651 644 152
2 455 272
2 378 305
3 783 311 614
3 417 145 251
3 792 693 255
3 418 743 456
1 781
3 746 231 666
3 505 845 300
1 270
3 633 800 657
3 569 545 414
3 92 855 721
1 80
3 924 531 36
3 833 226 286
2 710 445
3 212 613 633
3 301 350 543
1 601
3 792 689 809
3 302 436 709
1 535
3 644 909 597
2 247 81
2 933 193
2 897 427
3 204 741 3
3 457 535 435
3 179 451 22
1 879
1 269
3 641 786 818
1 414
1 883
2 829 557
3 305 237 610
2 475 931
2 29 121
3 897 281 756
3 93 99 326
2 552 130
1 42
3 531 250 941
3 419 860 375
2 458 895
2 225 310
1 357
2 236 850
2 586 631
1 444
1 136
2 241 382
1 75
3 251 555 694
1 654
2 189 841
1 383
1 188
2 638 491
2 688 46
1 486
2 835 946
3 436 416 624
1 156
1 569
2 814 202
2 510 854
3 586 920 124
3 808 421 278
2 377 332
3 287 834 769
2 888 527
2 264 831
1 408
1 655
3 161 394 650
3 833 810 617
2 469 64
1 896
1 19
2 456 768
2 339 111
1 28
2 183 549
3 170 562 621
1 344
2 646 512
1 14
3 787 609 764
3 74 420 605
1 78
3 287 942 409
1 403
2 749 39
1 172
2 100 906
3 746 365 505
2 611 104
3 776 878 249
1 794
2 320 338
3 553 835 367
1 201
3 593 490 348
2 441 2
2 875 15
1 661
3 312 423 819
2 639 209
3 532 541 175
2 523 604
3 531 731 641
1 102
3 448 318 572
2 362 728
3 455 183 54
1 143
2 844 299
1 549
2 401 846
1 343
2 673 865
1 607
2 516 464
2 305 434
3 36 788 259
2 332 602
3 84 43 70
2 67 239
3 723 195 75
3 609 45 132
3 887 42 425
2 898 526
1 715
3 705 170 904
3 68 78 552
1 914
3 36 139 238
2 316 516
2 222 779
3 426 493 185
3 391 733 345
2 815 408
1 99
1 774
3 515 911 265
3 417 640 628
1 370
3 941 636 187
1 804
3 475 884 548
3 666 260 168
3 566 723 943
3 760 215 935
3 328 33 37
1 348
3 943 277 364
3 603 638 654
1 285
3 856 734 574
1 944
1 839
3 620 316 38
3 480 808 936
2 277 16
2 644 830
1 862
3 250 570 401
2 279 86
2 202 784
1 863
1 300
1 375
3 798 703 141
1 654
3 711 625 447
3 374 164 499
3 451 89 280
1 454
2 419 700
3 292 380 777
2 289 462
3 486 79 256
3 666 252 498
2 742 440
3 185 228 384
2 173 109
3 441 592 856
1 116
3 139 236 507
3 372 399 930
3 612 556 402
1 910
3 363 153 882
2 888 669
2 800 433
1 707
2 179 140
3 12 711 649
3 705 424 937
3 736 458 696
2 312 268
3 367 518 356
3 521 58 875
2 588 796
1 193
3 690 30 853
1 93
2 64 169
3 933 514 752
3 642 328 349
3 754 412 25
1 519
1 561
1 299
1 682
1 61
2 450 63
1 841
3 701 885 465
3 646 869 551
2 822 794
1 355
1 160
2 330 113
2 678 894
1 582
2 409 801
3 622 415 805
2 166 322
3 756 167 150
2 477 542
3 270 354 933
2 908 362
2 855 371
2 436 21
2 89 413
1 134
1 907
1 471
2 838 740
1 934
1 917
2 733 126
2 345 664
1 895
3 20 158 270
1 828
2 49 668
2 785 598
1 854
2 189 925
3 54 176 766
3 175 706 829
2 69 606
2 508 9
1 578
3 320 275 385
3 532 84 246
1 860
3 679 880 88
3 470 229 713
3 537 660 673
2 609 767
1 533
1 316
1 602
1 496
1 97
1 769
1 153
1 730
3 148 873 578
2 66 868
3 657 197 558
2 84 827
3 780 50 262
1 292
2 928 222
2 275 771
1 40
2 140 520
2 393 877
2 442 214
2 280 219
2 702 351
3 437 135 149
2 352 525
2 246 151
3 1 648 12
2 886 282
2 182 304
1 91
2 213 913
1 481
3 825 366 96
2 671 615
1 625
3 867 659 844
2 333 876
3 788 51 69
2 798 369
1 834
1 22
2 101 441
3 941 335 584
3 677 783 940
3 726 321 292
3 787 417 791
2 556 795
3 213 503 502
1 696
709
295
88
359
48
551
216
413
281
592
267
727
278
525
232
96
643
63
83
905
665
379
629
546
488
827
380
929
5
528
404
753
757
21
555
15
527
558
877
567
224
111
200
227
906
127
351
850
126
24
39
297
464
415
548
482
805
314
41
610
32
695
796
50
284
318
440
109
529
56
880
117
575
107
604
848
459
747
145
874
487
729
406
398
653
618
0 0
