61 10
1 36
1 27
3 21 16 47
3 13 9 10
1 50
1 58
3 17 19 13
1 50
3 4 23 33
3 4 57 59
1 52
1 24
3 7 48 4
1 55
3 61 44 25
1 3
3 53 29 7
3 51 34 41
3 7 31 28
3 41 42 46
3 40 49 3
1 56
1 9
3 47 38 12
1 15
1 40
3 47 2 51
1 19
1 17
1 49
1 19
3 41 45 53
1 9
1 18
1 49
3 1 54 60
1 52
1 24
1 55
3 60 26 21
3 18 20 32
1 20
1 58
1 15
1 32
1 20
3 3 24 27
1 13
3 21 30 35
3 59 5 8
3 27 52 18
3 51 37 11
3 32 55 17
1 36
3 53 39 14
3 59 22 61
1 10
3 60 43 6
3 10 50 56
3 36 58 40
2 56 15
6
35
12
11
46
14
28
33
8
25
0 0
