385 64
1 180
3 4 228 373
3 116 126 119
3 355 330 2
1 249
3 7 84 293
3 258 6 146
1 197
1 308
3 341 200 31
3 63 300 91
1 354
1 201
3 120 315 312
3 233 81 385
3 90 85 291
3 217 198 154
1 283
3 254 240 364
1 145
1 69
3 256 199 261
3 154 155 133
3 120 117 355
1 96
3 209 196 95
1 341
1 168
1 181
1 303
3 10 144 50
3 183 83 163
1 265
1 126
1 54
1 82
1 346
1 190
1 294
1 119
1 216
1 126
1 271
3 105 188 335
1 366
1 384
3 241 194 375
1 182
3 360 383 90
3 31 201 307
1 245
3 111 73 170
1 251
3 161 35 309
3 157 124 298
3 232 74 282
3 303 334 64
3 113 206 160
3 242 345 314
1 245
3 195 96 226
1 200
3 229 283 11
3 57 297 114
3 70 332 299
1 177
3 157 342 340
1 131
3 122 21 209
3 128 102 65
1 85
1 175
1 52
1 56
1 184
3 314 203 311
3 141 320 368
1 116
3 365 153 350
3 365 378 157
1 15
3 371 380 36
1 32
1 6
3 16 71 347
1 243
3 192 137 274
1 345
1 256
3 49 379 16
3 11 339 195
3 281 356 295
1 278
1 343
3 26 101 215
3 61 25 329
1 296
3 209 289 129
3 214 337 238
1 383
3 95 205 279
3 70 331 248
1 352
1 228
3 372 44 108
1 318
1 199
3 105 166 122
1 314
1 187
3 366 52 242
1 242
3 146 58 369
3 64 278 132
1 291
3 235 78 3
1 24
3 237 142 357
3 3 40 141
3 182 14 24
1 345
3 108 304 69
1 178
1 55
1 323
3 3 34 42
3 355 189 285
3 164 328 70
1 98
1 165
3 349 68 221
3 114 284 218
1 23
1 354
1 334
1 339
1 87
1 249
3 141 236 382
1 302
3 119 139 77
3 118 290 156
1 199
1 31
3 298 20 381
3 7 316 113
1 304
1 229
3 265 310 162
3 215 249 257
1 181
3 268 219 202
1 79
3 17 23 366
1 23
1 142
3 80 67 55
1 226
1 257
1 58
3 369 54 341
3 149 222 349
3 32 177 321
3 351 275 128
3 277 362 130
1 108
3 318 271 303
3 298 28 268
1 348
1 52
1 283
3 321 294 182
1 294
1 190
3 244 72 371
3 311 302 229
3 163 66 260
3 274 123 214
1 261
3 1 359 241
3 233 151 29
3 172 48 120
3 243 251 32
3 276 75 313
1 310
1 197
3 274 230 110
1 44
1 127
3 299 38 174
3 281 213 319
3 373 216 87
1 266
1 47
3 91 358 61
1 26
3 241 186 8
1 17
3 22 143 107
3 10 62 208
3 50 13 325
1 152
3 76 363 272
1 343
1 101
1 58
1 369
1 200
3 69 98 26
1 308
1 275
1 266
1 191
3 178 99 360
3 95 292 150
3 192 41 259
3 384 323 17
3 132 324 346
1 152
1 228
1 131
1 162
1 310
1 304
1 357
3 61 158 232
1 287
3 2 220 104
3 176 148 63
1 187
1 334
3 226 56 352
3 257 181 15
1 254
3 307 255 116
1 139
3 273 361 118
1 99
1 296
3 19 322 264
3 180 197 47
3 111 112 59
3 375 86 183
3 364 287 175
3 376 51 60
1 372
1 324
1 102
3 150 138 5
1 364
3 183 53 344
1 271
1 275
3 299 234 19
3 235 333 327
3 313 89 22
3 150 159 233
3 268 353 7
1 216
1 177
3 22 179 281
1 351
1 324
1 240
3 319 33 149
3 313 212 193
3 385 305 273
3 168 152 258
1 370
1 287
3 167 252 43
1 203
3 267 296 237
3 87 187 178
3 164 253 211
3 346 308 184
3 352 165 372
3 114 93 374
1 101
1 311
3 261 92 191
1 56
3 63 18 171
1 132
1 127
1 307
3 244 270 227
1 348
1 98
1 142
3 16 115 365
1 215
1 6
3 172 39 173
1 92
3 273 239 97
1 64
3 55 145 168
3 65 190 254
1 11
1 383
3 176 140 338
3 167 30 57
3 122 224 147
1 267
1 373
3 50 286 235
3 276 9 210
1 54
3 149 223 185
3 76 280 176
1 14
3 184 266 256
3 59 109 76
1 14
1 146
1 321
3 368 106 167
3 191 348 265
1 77
3 163 317 172
1 240
3 217 125 336
3 218 263 247
1 201
1 339
1 255
1 128
1 96
1 4
1 102
1 65
1 255
3 57 135 231
1 44
1 323
1 99
1 302
3 91 136 326
1 67
3 161 27 10
1 67
3 375 204 94
1 251
3 59 121 88
3 218 37 276
1 85
3 319 288 169
3 162 131 384
1 79
3 376 262 164
3 232 103 277
1 258
3 368 134 12
3 24 127 4
1 92
3 118 225 376
1 195
1 180
3 214 377 49
1 237
1 165
1 203
3 19 250 244
3 291 79 80
3 154 45 111
1 370
3 77 354 318
3 113 207 161
3 385 269 367
2 175 82
3 277 246 105
3 2 306 192
1 278
3 47 343 243
3 357 245 351
1 360
1 80
1 90
1 82
1 145
1 139
3 49 301 100
3 349 46 217
3 15 370 267
8
94
344
260
173
312
285
104
259
110
238
100
347
350
340
381
202
293
160
309
208
325
327
42
382
12
43
231
374
247
210
193
107
295
169
185
221
336
133
170
88
272
338
171
326
329
282
130
335
147
129
279
5
29
367
97
156
60
211
248
174
264
227
36
0 0
