601 100
1 521
3 57 407 262
1 32
3 504 27 378
3 332 247 79
3 550 570 60
3 511 184 337
1 551
3 412 307 46
1 500
3 167 452 235
1 19
1 281
3 329 53 583
3 571 151 524
3 90 370 95
1 271
1 330
3 80 12 354
1 283
1 136
3 543 179 371
1 103
3 246 26 166
3 416 510 167
3 24 445 43
1 4
1 231
3 41 345 548
1 240
3 147 270 463
3 117 3 94
1 224
1 241
3 539 424 460
3 195 567 461
3 93 214 363
3 94 483 426
3 591 343 432
1 420
3 568 29 600
3 106 323 545
1 26
1 114
1 137
1 9
1 304
1 226
1 329
1 417
3 200 229 392
1 359
3 14 552 438
3 442 417 288
3 347 582 269
3 462 356 411
3 155 2 478
1 521
3 388 170 267
1 6
1 279
1 583
1 166
3 435 143 310
3 558 245 580
3 382 565 195
1 582
1 111
3 597 78 404
1 399
3 506 277 152
1 243
3 297 599 317
1 364
1 557
1 352
3 218 254 562
1 69
3 5 168 449
3 475 19 114
1 284
3 432 101 234
1 492
1 263
1 575
3 121 299 327
1 398
1 247
3 506 257 260
3 594 16 218
3 327 480 201
1 130
3 443 351 37
3 32 391 38
1 16
3 477 572 223
3 576 386 242
1 316
3 377 579 206
3 290 276 595
1 82
1 263
3 297 23 477
3 338 473 189
1 465
3 233 364 42
3 532 584 153
1 538
1 254
1 536
3 249 68 541
3 534 305 280
1 553
3 80 44 564
3 357 212 402
3 558 131 511
3 583 261 32
1 241
3 577 163 520
1 351
3 255 372 86
1 351
3 520 457 566
1 540
3 451 588 221
1 210
1 376
1 190
1 274
3 260 598 92
1 116
1 248
1 447
1 298
1 224
3 250 21 180
3 219 45 560
1 143
1 557
3 319 301 585
1 385
3 191 340 282
3 64 204 138
3 560 355 313
1 408
3 250 238 191
3 153 535 31
1 397
3 388 383 259
1 271
1 15
1 71
3 107 487 147
1 406
3 463 353 57
1 518
3 426 508 506
3 333 231 509
1 535
1 342
1 413
1 375
3 119 183 225
3 530 398 500
1 374
3 24 63 208
3 25 11 365
1 79
3 600 224 522
1 59
1 562
1 420
3 441 215 348
1 387
1 555
1 178
3 463 544 350
3 369 176 458
1 22
1 136
3 449 315 587
1 335
1 163
1 7
1 421
3 432 334 581
1 409
1 466
1 104
3 525 128 534
3 146 142 319
1 294
1 413
1 398
3 66 36 471
3 376 465 590
3 486 380 525
1 555
1 512
3 585 51 274
1 91
1 540
3 292 439 547
1 143
1 281
3 99 298 450
3 358 474 601
3 166 492 443
1 482
3 498 126 312
1 301
3 115 429 239
1 590
1 37
1 173
1 403
3 222 503 219
3 90 468 77
3 217 563 137
3 500 553 376
3 125 555 490
3 310 335 217
3 96 263 568
3 169 135 33
1 163
3 489 431 48
3 450 271 384
3 260 434 297
1 51
1 530
3 158 485 28
1 518
3 560 268 106
1 82
1 11
1 347
1 573
1 146
1 212
3 394 30 396
3 416 34 118
1 97
3 564 72 436
3 269 283 295
1 65
3 449 321 24
3 5 88 448
3 249 132 558
3 590 111 248
3 494 136 146
1 559
1 261
1 319
3 77 456 109
3 504 306 121
3 363 430 486
1 89
3 288 284 332
1 149
3 89 130 228
3 117 446 252
1 2
3 223 102 84
1 566
1 568
1 437
3 59 336 425
1 233
3 55 481 244
1 31
3 227 150 17
3 394 444 377
3 327 381 571
3 200 129 389
3 425 316 494
1 100
1 71
1 457
3 441 61 504
1 112
3 400 13 205
1 142
3 244 569 20
3 258 81 418
1 288
3 408 551 304
1 302
3 54 285 258
3 539 349 561
3 490 454 100
1 384
3 514 203 408
3 402 536 374
3 533 192 597
3 244 341 369
1 406
3 228 73 103
3 206 453 134
1 86
1 415
3 140 211 395
3 524 287 539
1 397
3 286 47 382
1 112
1 255
1 9
3 447 482 435
1 535
3 64 318 222
1 332
1 210
1 144
1 443
1 181
3 275 328 98
1 73
1 310
3 191 253 140
1 330
1 246
1 563
1 42
1 492
1 385
3 561 360 576
3 86 91 273
1 316
3 593 49 14
3 545 320 18
1 391
3 258 311 5
3 489 488 158
1 186
3 222 390 182
3 267 493 344
3 7 375 532
3 573 104 577
1 551
1 142
1 295
3 591 160 513
1 39
1 336
1 29
1 391
3 595 236 55
1 173
1 289
1 177
3 93 122 120
3 561 76 554
1 155
1 19
1 144
1 56
3 543 469 115
3 471 207 507
3 498 52 394
1 326
1 425
1 421
3 37 403 256
3 106 74 393
3 167 517 550
1 520
1 403
1 512
3 295 178 573
1 16
1 22
3 121 574 410
1 422
3 293 165 388
3 337 529 162
3 220 127 196
3 272 437 99
1 4
1 536
1 197
1 273
3 304 385 66
1 149
3 227 291 423
3 382 325 141
1 97
3 581 174 451
3 374 149 59
3 274 531 442
1 335
3 94 331 346
1 51
1 364
3 359 240 272
1 301
1 240
3 593 303 148
3 164 87 194
3 550 70 533
3 526 281 447
1 457
3 115 527 293
3 363 367 216
1 69
1 585
3 451 296 154
1 2
3 292 145 286
3 426 187 519
1 372
3 56 512 530
3 507 9 594
3 571 161 193
1 531
3 477 300 505
3 522 241 25
3 54 592 50
1 284
1 522
3 595 172 40
3 525 362 185
3 576 373 489
3 384 538 526
1 35
3 267 361 275
3 38 409 157
1 577
1 532
1 212
1 256
1 226
3 39 82 186
1 466
1 228
3 308 472 64
1 243
3 377 266 470
1 53
1 203
1 582
3 521 173 279
3 389 464 54
3 208 314 93
1 272
1 26
1 261
3 400 133 308
1 247
3 79 181 246
3 206 589 227
3 387 406 125
1 11
1 298
3 290 528 542
1 584
1 254
3 123 401 278
1 178
1 594
1 35
1 36
3 562 575 56
3 31 177 155
1 442
3 196 105 484
3 533 433 188
1 538
1 218
1 357
1 437
3 195 501 358
1 435
1 104
1 207
3 545 516 80
1 563
3 103 415 96
3 57 537 498
1 600
1 91
1 269
3 308 209 496
1 38
1 465
1 231
3 256 540 197
1 153
1 333
3 422 226 333
3 221 546 290
1 559
3 208 83 324
1 336
3 275 578 250
1 507
1 482
1 531
3 478 210 359
1 515
3 164 10 220
1 471
1 553
1 217
3 279 4 255
1 415
3 157 71 89
3 358 495 412
1 157
3 158 549 593
1 25
3 116 559 7
3 411 199 368
1 342
3 597 596 292
3 564 499 591
1 475
1 365
3 581 232 156
1 409
3 119 366 123
3 1 58 441
3 169 419 416
1 526
3 15 557 302
3 197 421 190
3 423 523 400
1 402
1 454
1 375
3 411 230 164
3 389 414 497
3 337 428 107
3 399 466 294
2 190 112
3 147 159 309
3 293 110 379
1 478
3 423 108 467
3 302 35 289
3 486 202 124
1 111
1 454
3 566 22 357
1 177
3 42 330 475
1 490
1 203
1 29
1 509
3 365 6 399
3 286 339 8
1 53
3 220 113 502
1 352
3 221 198 175
1 575
3 524 75 139
3 248 65 116
3 511 251 491
3 137 144 233
3 289 352 326
3 77 171 462
3 219 322 476
3 114 243 515
1 66
3 123 264 543
1 36
3 223 265 41
1 283
1 6
3 273 413 15
1 96
3 369 237 338
1 372
3 462 85 556
3 326 97 422
3 338 427 119
1 494
1 99
1 65
3 186 518 387
3 55 440 67
3 14 62 117
3 107 586 455
3 140 405 200
1 584
1 181
1 125
1 450
3 196 213 249
3 515 342 39
1 417
3 509 397 329
3 412 459 90
3 100 420 347
1 514
3 294 69 514
1 130
1 73
3 41 479 169
1 207
348
378
410
201
193
139
460
554
242
48
28
148
438
252
346
519
152
92
317
505
84
548
33
118
235
60
188
404
547
8
141
461
601
46
95
109
556
368
194
502
484
541
580
491
162
455
309
350
262
312
396
470
134
17
467
205
496
138
182
476
313
393
18
354
436
513
234
156
154
175
542
40
67
20
458
189
225
278
371
239
379
259
344
98
180
282
395
392
497
50
418
448
587
43
324
120
216
124
185
280
0 0
