1501 250
1 661
3 104 801 714
3 1089 1053 333
3 661 983 827
3 1161 737 1008
1 786
1 1492
1 1155
1 327
1 1055
3 733 1040 1470
1 557
3 79 150 514
1 1290
1 906
3 508 906 1089
3 748 727 586
1 50
1 1067
1 339
1 1016
3 840 1247 1341
1 697
1 835
1 1078
3 477 946 1263
1 1034
3 879 489 1408
1 247
1 1391
3 1262 539 930
3 1471 1478 1043
3 1375 852 1268
1 1317
1 670
1 461
3 701 588 741
3 1299 1074 750
1 658
3 1220 1099 425
3 1150 546 745
3 731 688 970
1 1229
1 869
3 1275 969 1064
3 1109 1441 1371
3 992 1218 600
1 741
3 742 280 984
3 567 18 861
1 469
1 1488
1 572
1 1403
3 1353 1389 69
1 924
3 413 909 854
1 1282
3 529 492 1304
1 129
1 1016
1 895
1 1120
3 1309 115 544
3 569 1413 1154
1 331
1 307
1 1076
1 55
3 765 370 376
3 758 1459 206
1 655
1 1172
3 768 1023 715
1 737
1 1247
1 81
3 488 865 1500
3 1168 13 564
3 291 685 768
3 249 77 1209
1 411
1 915
1 200
3 1233 1292 274
1 798
3 639 201 1205
3 1230 1431 551
1 852
3 591 318 500
3 1424 707 785
1 831
1 1270
1 883
3 726 883 293
1 1230
1 240
1 1192
3 660 1457 954
1 1329
3 525 540 374
3 322 195 651
3 1185 570 639
3 120 577 2
3 1224 1155 573
1 366
3 677 482 575
1 115
1 1429
3 560 1390 1235
1 1405
1 643
3 591 237 994
1 1271
3 64 360 108
3 1029 1385 1307
3 814 933 236
1 133
1 1014
3 480 267 104
3 172 810 451
1 1275
1 321
1 1338
1 626
1 173
3 264 921 1320
3 920 1415 1224
3 1416 60 1397
1 864
3 1232 1401 1142
1 1161
3 153 151 118
1 753
3 413 653 1211
1 1393
1 205
3 819 1321 942
1 1297
1 674
1 1309
1 830
1 540
1 646
1 1108
1 148
1 714
3 1072 146 1250
3 619 1184 1030
1 13
1 133
1 200
3 720 133 1378
3 170 580 886
1 1285
3 806 863 1244
3 1242 331 347
3 1475 1498 677
3 1304 833 316
1 1104
1 1427
1 588
3 1052 1143 1046
1 288
1 431
1 498
1 859
3 1358 465 581
1 505
3 1317 154 1031
1 1462
3 800 121 940
3 334 230 126
3 1490 1327 965
3 846 780 279
3 612 284 1227
1 547
1 1066
1 1342
3 188 988 558
1 719
1 382
3 367 1391 879
1 920
1 482
1 787
3 632 228 309
3 1367 1181 180
1 827
1 1377
3 837 1092 849
3 1341 1189 892
1 1184
1 1012
1 102
3 288 469 1323
3 771 919 1039
1 1460
3 740 828 290
3 291 152 84
1 87
1 841
3 1085 517 1409
3 992 989 568
3 227 137 303
1 71
3 1248 1137 528
3 1393 1435 717
1 1145
1 531
3 973 856 746
3 1115 344 1342
3 455 430 250
3 632 1047 1037
3 970 723 569
1 656
1 871
1 871
3 562 435 610
1 1031
1 681
3 534 1063 1186
3 1296 1423 453
3 1325 1264 962
1 729
1 465
3 1291 599 205
1 187
1 1069
1 173
3 874 937 460
3 522 1201 1477
3 942 719 315
3 822 659 949
3 792 759 1299
1 117
1 113
1 1194
1 1026
3 1038 97 730
3 283 393 1185
1 825
1 1332
1 993
1 1015
1 816
3 973 595 29
1 840
3 1188 445 81
1 213
3 549 352 1050
3 1153 1221 508
1 399
3 1462 749 367
3 439 1104 480
3 1113 533 283
3 1454 1350 869
3 1071 1123 1239
1 1451
1 285
1 588
1 1396
1 626
3 1460 276 127
3 1371 985 882
1 505
3 120 1114 968
1 1227
1 1356
3 306 1081 763
1 1492
3 799 436 362
1 668
1 85
3 1107 542 1162
3 264 657 1313
1 1128
3 428 1497 1446
3 175 904 1126
1 49
3 1002 1444 1139
1 701
3 256 518 241
3 176 450 622
3 1024 319 260
1 578
1 462
3 528 164 196
1 1187
1 199
3 869 200 80
1 1324
3 95 1376 1240
1 1222
1 1435
1 661
3 596 387 948
3 562 836 644
3 675 1494 635
1 315
3 575 1173 1026
3 999 400 1467
3 205 1430 1093
1 1053
3 1141 404 1317
3 315 270 682
3 1068 1257 67
1 924
1 187
1 367
1 540
3 721 605 1394
1 1188
1 1374
3 233 300 306
3 159 1238 592
3 1399 872 652
1 90
1 285
1 1120
3 1458 123 364
3 1051 102 383
3 1166 335 1135
1 988
1 848
1 1115
3 479 598 9
3 1339 877 966
1 1481
3 700 1335 1334
3 157 493 66
3 1072 881 1005
3 3 378 413
3 824 173 416
1 323
1 612
1 1471
3 839 1276 834
3 555 893 20
3 644 356 1113
3 1160 1012 1187
3 1026 1156 787
1 1027
3 212 432 907
1 498
3 1448 1331 1233
3 157 857 885
1 1287
1 1290
3 848 1149 1455
1 1242
1 251
1 1339
3 1187 1016 431
1 669
1 340
1 415
1 452
3 1185 648 1355
1 115
3 748 1110 773
1 272
1 697
1 321
3 1107 1298 1223
3 731 418 106
3 254 310 183
3 977 654 443
1 1276
1 70
3 1434 781 703
1 983
1 708
3 101 1483 1325
3 899 505 662
3 70 495 1088
3 1214 908 1295
1 333
3 738 386 1230
1 1189
1 1328
3 1117 182 957
3 322 873 587
3 1267 808 1167
3 1330 1208 1068
3 379 1216 510
1 297
3 587 1336 1183
1 976
1 692
1 1323
1 852
1 241
1 638
1 1335
1 683
1 1478
1 903
3 1464 253 1407
1 302
3 1176 1075 1153
1 1291
3 1029 941 1010
3 305 793 1283
3 625 724 1463
1 561
3 1058 1495 576
3 548 761 1101
1 665
1 947
3 1330 82 499
1 1478
3 333 57 135
3 783 437 884
3 694 832 357
3 334 1272 1025
1 993
1 366
1 1405
1 1173
1 704
3 694 695 1058
1 438
3 545 1035 1438
1 40
3 1209 1129 1484
1 599
3 532 278 1315
1 1334
1 213
3 354 165 594
1 344
3 621 1388 1330
1 1259
1 219
1 272
3 414 449 702
3 1109 967 423
3 1500 1417 255
3 553 665 504
3 939 1368 758
3 1268 1496 1365
1 368
1 582
3 249 978 501
1 1350
1 1078
1 1140
1 437
1 284
1 121
3 874 358 488
1 223
1 1156
3 876 213 701
3 1138 1027 859
1 1091
1 492
1 578
1 231
3 576 36 567
3 1037 287 1163
1 1400
1 1430
3 168 1096 226
1 564
1 1415
3 1180 1170 848
3 196 1312 51
1 603
1 729
1 1128
1 1321
1 1149
1 1043
1 912
3 504 671 26
1 1276
3 558 327 655
3 255 1255 120
1 1221
3 107 1398 185
3 997 1111 767
3 955 776 520
1 627
1 718
3 827 614 771
3 452 751 78
3 28 1203 1084
1 1118
1 556
3 59 791 458
1 331
1 1473
3 376 790 826
3 1491 1228 1373
1 780
3 1467 166 345
1 411
1 90
1 445
3 746 732 1402
3 1351 1346 1038
3 440 699 477
3 375 266 169
1 753
1 811
3 252 866 16
1 682
1 386
1 1138
1 824
3 1132 1349 1411
1 13
1 1359
1 1382
1 203
3 283 951 1269
3 1232 910 858
3 484 713 731
3 1195 1028 1095
3 524 753 232
1 1496
3 734 585 522
3 1467 755 101
1 1375
1 671
3 207 674 288
3 814 1116 59
1 1408
3 977 210 806
3 1233 757 428
1 256
3 1315 222 1146
1 1189
3 1297 582 1433
1 711
3 1046 981 1363
3 31 775 894
3 101 311 143
1 850
1 275
1 879
3 64 1404 545
3 544 424 1454
1 41
3 792 593 177
3 1382 408 1275
3 892 995 251
1 1400
3 88 637 1232
1 1102
3 1142 589 440
1 811
3 966 339 824
3 652 696 491
3 652 12 996
3 180 760 479
1 1321
3 1234 110 837
3 594 406 613
3 1480 219 298
3 1113 1083 1175
3 79 466 1448
1 1498
3 774 1344 890
3 461 986 50
3 204 718 1309
3 215 65 1345
1 103
1 771
3 1484 1260 53
3 105 1308 1072
1 929
3 107 640 301
3 407 1253 461
1 104
3 1065 459 286
3 1342 1034 1259
1 154
3 168 1499 1117
3 536 444 829
3 1025 1362 936
3 965 1493 1419
1 524
1 17
3 383 1288 388
3 37 261 162
1 553
3 1171 944 1090
3 1440 90 113
3 316 1333 797
1 547
3 431 561 868
1 247
2 1146 297
3 979 1120 700
1 327
3 227 712 427
1 47
1 1015
1 718
3 650 470 818
1 995
1 312
3 647 708 955
1 800
1 969
1 1190
1 219
1 736
3 1024 336 176
1 561
3 487 901 1252
3 1008 1374 629
3 807 1357 645
1 1420
3 1132 1425 799
3 996 1204 149
1 738
3 838 736 433
1 284
1 1421
1 1062
3 1145 405 1180
3 1307 125 263
3 927 485 1367
1 1410
3 615 1148 821
1 930
1 1359
3 834 187 214
1 676
1 975
3 299 1285 722
1 1079
1 551
3 730 394 918
3 103 646 87
1 575
1 1498
1 668
3 1397 112 911
3 298 658 340
3 616 1066 864
3 639 1311 144
3 1171 1258 606
1 359
3 859 916 1460
3 1062 603 1042
1 102
3 317 556 557
1 135
1 368
3 479 72 794
3 1366 216 742
1 276
3 644 932 39
1 234
3 1347 975 99
3 1 296 4
3 375 744 997
3 1408 1102 1141
1 862
3 440 945 409
1 1429
3 927 1178 1001
3 1248 642 273
3 730 355 992
3 806 35 1489
3 477 1310 527
1 1102
1 1229
3 528 1294 140
3 884 987 299
3 1372 633 964
3 158 1182 107
1 1042
1 1056
1 717
3 1200 221 1434
3 306 509 1029
3 773 888 396
3 844 1236 1352
1 80
1 1435
3 1455 878 738
1 42
1 988
3 1307 847 1107
1 1329
3 1399 390 1279
1 1144
3 1064 415 422
1 422
1 556
3 1183 23 363
1 916
1 504
3 597 1468 330
3 455 282 37
1 437
1 371
3 1162 421 1002
1 1430
1 1079
1 91
3 606 373 1456
1 1051
1 1341
3 1209 537 843
1 599
1 520
3 2 147 1416
3 74 1377 1370
3 1043 811 1375
3 208 680 898
3 568 486 602
3 233 181 1380
3 1263 1422 153
3 1014 871 312
3 635 1013 991
1 215
1 405
1 1176
3 745 1130 95
1 17
1 1008
3 1448 225 471
3 240 638 669
3 520 366 42
1 502
3 1031 11 840
3 766 1229 524
3 861 1158 1070
3 621 1245 611
3 5 1461 75
3 687 620 379
1 849
3 930 199 1082
3 37 48 1366
3 656 49 1091
1 1064
1 662
3 41 1249 726
3 211 830 502
3 1489 1302 939
3 913 17 361
3 254 1360 802
1 38
3 488 1157 820
1 1439
3 522 134 506
1 1054
1 525
1 825
1 532
3 441 71 903
1 235
1 558
1 408
1 1273
1 270
1 1288
3 1284 835 70
3 1070 1383 734
1 483
3 80 947 74
3 939 1217 1436
1 1153
3 487 571 197
1 987
3 361 683 899
3 1172 1222 566
1 539
3 484 1133 1337
1 812
1 1053
1 1356
3 175 497 953
1 371
1 942
3 1379 1097 414
1 797
1 91
3 898 6 1009
3 342 186 1248
1 1193
1 1421
1 495
1 492
3 1103 547 235
1 404
3 655 1332 812
1 1335
1 986
3 592 784 1052
3 1240 86 1200
3 618 272 979
3 885 607 172
3 2 845 1354
1 749
1 1246
3 1250 905 1274
1 1012
3 531 156 670
3 1481 1287 616
1 384
1 906
1 121
3 716 554 507
3 794 777 1132
1 1431
3 1118 117 529
1 876
3 1402 246 1196
1 1237
1 603
3 1205 1169 138
1 751
3 629 831 1165
3 903 234 1297
1 929
3 555 512 334
3 1162 242 756
1 495
3 4 189 487
1 199
1 582
3 746 990 142
3 821 92 1406
1 415
3 159 1003 1119
3 338 934 632
3 765 24 1277
1 298
3 560 1045 191
3 1166 853 621
3 1353 1199 338
3 733 248 22
3 965 202 1243
1 1350
1 711
3 1345 684 1270
1 801
3 1243 963 175
1 690
3 468 325 350
3 191 739 1437
3 1117 541 1219
1 1338
3 33 392 89
1 838
1 57
1 1136
1 211
1 347
1 519
3 456 167 649
1 1347
3 50 924 735
3 1263 664 1018
1 156
3 645 130 1024
1 78
1 508
1 915
3 594 1474 1426
3 257 44 291
1 1140
3 721 218 217
1 317
1 383
3 1282 231 452
1 1333
3 1477 815 455
3 328 1326 891
3 687 1041 1280
3 183 543 28
1 1019
1 332
1 265
3 95 1086 94
3 414 1225 675
3 347 1324 800
1 154
1 947
1 683
1 1475
3 566 1421 1410
1 877
3 192 1061 549
1 339
1 539
3 1220 62 1464
3 926 1011 1226
1 1440
3 717 786 1145
3 773 917 375
1 1146
1 614
1 1032
3 758 398 822
1 279
1 804
3 16 809 15
1 344
1 377
1 57
1 519
1 643
3 1489 1151 476
3 1068 1486 748
1 1144
3 1437 867 83
3 649 698 1174
1 899
1 638
3 197 1442 1251
3 997 184 128
1 127
1 1496
1 1480
3 861 308 56
1 1358
3 1088 928 896
3 952 667 627
3 926 1179 1266
3 1200 823 574
3 31 630 740
1 1378
1 658
1 117
1 834
1 1168
1 583
1 231
3 1165 1338 1172
3 747 769 441
3 172 1414 1171
1 403
3 138 782 233
1 1075
1 590
1 665
1 26
3 768 887 410
1 297
1 234
1 1271
1 518
3 1048 1479 927
1 780
3 99 1237 1134
3 606 1036 484
1 1103
1 382
3 1126 1020 1206
1 1165
1 1198
1 1315
1 224
1 846
1 676
3 174 584 841
3 328 1077 555
1 438
1 267
3 45 1348 608
3 42 1019 215
1 1030
1 1249
3 1039 247 211
1 1370
3 660 634 1305
3 1085 389 999
3 1427 368 531
1 445
3 799 1197 597
1 1314
1 538
1 1173
3 4 1482 372
1 49
1 265
3 567 796 1316
3 675 772 1485
3 180 689 324
1 204
1 830
3 722 1290 1069
3 669 47 204
3 1363 417 244
3 113 1405 1393
3 549 1452 604
3 557 1059 619
3 662 483 920
1 1039
3 976 1128 302
1 1059
1 667
3 704 1194 281
1 833
1 1170
1 332
1 1054
1 1501
3 5 728 615
1 786
1 403
1 896
3 341 805 194
1 722
3 1434 119 721
3 1351 601 245
3 354 61 21
1 1222
1 862
3 970 1361 880
1 958
1 1333
1 1247
1 74
3 864 285 612
3 416 583 1136
3 301 239 342
3 456 343 1340
1 521
3 682 403 116
3 149 971 1085
3 170 220 733
3 1240 1147 902
1 1374
3 579 1231 27
1 424
1 955
3 214 462 1462
3 503 1246 240
3 197 998 973
1 11
1 878
3 650 678 1379
3 32 475 716
1 1056
1 837
3 163 1076 538
1 214
3 1134 1429 952
1 1237
3 251 1078 1160
3 1214 709 322
3 797 1492 163
3 3 778 304
3 1060 754 1006
3 1267 10 1065
3 1394 1044 679
3 1334 1314 1358
3 422 1108 407
3 996 1125 1000
3 1365 1054 1168
1 892
3 1211 624 650
1 222
3 45 743 694
3 1055 578 1103
3 645 178 1453
3 1412 1202 19
3 385 307 913
3 991 229 1351
3 735 1473 766
3 1378 258 1475
3 573 332 148
1 1488
1 38
3 401 943 1100
3 1046 1241 68
1 966
3 1050 447 25
3 1477 706 636
1 1184
1 270
3 740 1261 1166
1 563
1 489
3 1030 203 976
1 883
1 1170
3 376 1112 926
3 16 1445 3
1 590
3 742 457 1458
3 191 1106 1395
3 303 1122 1490
1 1284
1 521
1 465
1 783
1 1431
1 40
1 1075
1 408
3 663 672 552
3 1065 956 792
3 255 160 1306
1 1134
1 1092
3 690 365 275
3 1058 145 1152
3 1420 438 46
1 361
1 483
1 1088
3 340 563 256
1 267
3 1437 326 212
1 529
3 581 382 850
3 1458 490 814
1 833
3 597 320 63
1 1149
1 1093
1 258
1 1198
1 1059
3 279 958 1242
1 1377
3 999 277 472
1 426
1 726
1 1324
3 812 513 618
1 776
3 954 1105 1048
1 323
3 1025 855 1195
1 207
3 1426 511 456
3 281 1400 1347
3 1379 870 448
3 663 1476 305
3 131 1273 553
1 163
3 1500 693 914
3 898 209 625
3 534 900 596
1 1032
1 629
3 350 474 1121
3 1396 1359 41
1 912
1 1108
3 401 770 252
1 65
3 105 1164 8
3 342 1254 454
1 751
1 735
1 1391
3 1050 1364 341
3 1402 132 5
3 275 825 704
1 462
1 1155
3 821 959 938
3 1082 323 838
1 384
3 1060 935 79
1 819
3 468 1004 1087
3 940 590 647
3 938 73 774
3 301 420 982
1 916
1 563
3 1371 725 401
1 1246
1 667
1 928
3 625 1472 468
1 188
1 677
3 388 697 1440
3 149 1080 193
3 241 359 103
1 222
3 341 289 354
3 1325 313 249
3 192 535 380
3 1205 609 1469
1 1345
3 1490 98 1369
3 1426 788 1343
3 1002 238 1418
3 1136 521 1234
1 816
1 979
3 1281 960 1124
1 839
3 798 929 681
1 232
1 1067
1 489
1 619
3 87 1190 819
1 958
1 1285
1 385
3 81 711 426
1 1501
3 135 1328 1062
1 1224
1 1454
3 1259 377 1051
1 1365
1 386
1 769
1 47
3 850 1329 1403
3 1410 40 895
3 252 481 1278
3 774 294 1017
1 365
3 128 1212 105
1 884
3 896 1451 1427
3 176 268 1372
1 496
3 734 673 43
3 379 96 88
1 1034
3 551 519 131
3 346 85 532
3 1195 1293 560
1 110
1 684
3 954 817 1049
1 316
1 258
3 293 1032 798
1 1076
3 1126 351 157
3 841 1487 846
1 156
1 736
3 1038 803 1177
3 22 1022 76
3 787 668 207
3 745 972 1386
3 148 804 1339
1 919
1 614
3 576 1301 1466
1 1156
1 480
1 1433
1 307
1 647
3 579 434 1214
1 572
1 1082
3 1372 1443 31
3 26 862 720
1 224
1 1314
1 928
3 1323 384 1055
3 33 1449 442
1 518
3 844 93 1281
3 1366 950 114
1 416
3 1142 1465 762
1 804
3 548 122 45
3 338 478 369
1 835
1 1221
1 692
1 878
3 1270 1198 1382
3 1363 58 874
1 404
3 1491 1094 765
3 635 155 1207
1 1487
3 807 348 1319
3 587 764 1384
1 1304
3 991 14 349
3 1296 402 227
1 85
1 1234
1 674
1 377
3 1370 223 1291
3 822 139 536
1 365
3 235 38 1396
1 1415
1 1253
1 747
1 1328
3 59 1289 159
1 975
1 1104
3 116 626 690
1 573
3 568 141 64
1 671
1 646
1 469
1 276
3 1057 980 1265
3 428 961 534
1 986
3 305 34 170
1 1487
1 1287
3 127 1501 1471
3 138 559 473
1 1455
3 196 391 1267
3 885 292 1131
3 374 224 1188
1 877
1 174
3 1211 1303 381
3 1219 691 100
3 433 411 385
1 346
3 794 1432 243
3 592 875 1021
3 330 429 1057
3 330 395 795
1 388
1 776
3 938 851 124
3 1250 353 328
1 1027
3 22 710 192
3 212 179 579
1 1193
1 566
3 569 1191 844
1 503
3 1139 860 660
1 969
1 513
3 257 446 842
3 1069 1015 503
1 684
3 1392 55 839
1 801
1 359
3 1416 779 269
1 616
3 1057 925 168
3 1150 515 631
1 749
1 1019
1 583
3 538 993 1282
1 1160
3 442 1215 1060
3 741 1271 656
3 627 1488 188
1 441
1 1192
3 715 974 1296
3 46 265 1176
3 1227 676 1262
1 496
3 615 1033 314
3 716 526 33
1 293
3 715 190 1127
3 153 931 1071
3 1042 1140 783
1 719
1 1473
3 1281 516 548
1 766
1 1288
1 116
1 1249
1 1428
1 433
1 55
1 110
3 183 1159 30
3 1424 1450 1353
3 994 136 208
3 312 1056 1480
1 1092
3 1299 262 1150
3 129 643 1439
1 482
3 1403 692 317
3 1139 463 550
1 131
3 502 816 1161
3 1219 54 1399
1 544
3 994 419 111
1 831
1 399
3 28 530 663
1 203
3 890 628 1220
1 513
3 1439 1067 1428
1 65
1 940
3 128 1300 467
3 714 1356 129
1 439
1 1194
1 584
3 1484 617 1109
3 890 623 789
1 720
1 223
3 1433 91 1392
1 618
3 868 1193 1138
3 1226 161 977
3 1412 1387 1491
3 1048 666 109
3 303 705 464
3 88 813 1098
1 1332
3 536 1256 1424
3 681 371 1014
3 208 686 295
1 769
3 849 915 1115
1 424
3 1397 752 1412
3 1183 897 591
1 46
1 919
1 1262
1 281
1 1089
1 278
1 1451
3 564 729 346
1 1268
1 1392
3 1226 259 1447
1 995
1 1066
3 545 1213 257
3 350 1322 687
1 708
1 99
3 1091 321 1118
1 71
3 649 198 264
1 737
3 1037 171 254
1 405
3 895 399 1481
1 1273
1 1253
3 302 498 525
1 700
1 1190
1 11
3 1320 337 32
1 1180
3 1070 1381 494
1 868
3 1071 889 158
1 1141
3 232 1079 876
3 32 397 412
1 952
3 1394 923 562
3 1464 329 807
1 983
1 374
3 426 572 1420
1 987
1 913
3 1243 1286 1318
3 1367 1073 52
3 670 912 747
3 1093 1192 174
3 1428 496 1284
3 1052 7 271
1 584
1 299
1 407
3 442 922 523
1 278
3 158 565 641
1 581
3 78 1144 439
3 1320 1210 1007
372
1252
1251
29
142
1196
75
314
1406
124
1017
789
425
1407
1319
1453
260
622
964
894
290
1135
611
499
67
586
396
169
767
467
8
1005
1274
891
20
126
936
1095
1235
1395
83
907
27
1295
651
1384
363
500
111
295
1009
1463
1087
1121
1280
510
1098
858
762
409
527
1018
118
1239
641
185
982
454
273
140
51
1167
286
177
750
631
1386
94
902
574
703
217
679
610
39
1175
1269
1355
144
1469
473
1380
763
1010
263
1223
756
1418
550
1305
1049
109
1001
52
324
9
243
1411
362
63
795
1265
226
957
100
1279
491
1000
193
1409
472
345
143
962
501
843
53
423
882
1100
1278
15
304
854
381
818
448
702
1485
1207
349
245
1177
918
600
602
108
1438
842
84
410
1127
453
427
464
1369
1419
1318
953
1206
66
1131
451
1090
1456
1337
106
880
1154
1352
1124
1101
608
357
1152
1466
1316
56
494
43
506
636
250
162
114
984
364
236
458
1119
1021
271
68
244
460
820
914
1306
968
1354
269
911
19
1373
1277
826
1266
1447
443
1244
476
1436
206
949
829
785
69
369
309
1163
802
30
1084
552
1283
886
1470
76
380
604
25
194
21
613
1343
1340
1174
1313
1007
412
507
89
523
1006
514
471
274
1446
1186
948
0 0
