3001 500
1 2366
1 1209
1 1440
1 1701
3 2683 2639 278
1 1902
3 705 144 2110
1 182
3 1173 1086 2307
1 1813
3 452 2119 2051
3 2967 2750 1791
3 877 1217 1273
1 2707
1 2725
1 1662
1 920
3 417 2657 187
1 183
1 2175
1 2579
3 1563 1818 602
3 1304 2089 1350
3 961 461 939
1 2531
3 634 1835 1182
3 1432 392 2675
1 1743
3 245 2116 1764
1 2853
3 318 2490 2214
3 2191 612 1369
1 601
3 427 1095 1880
1 2712
3 2709 2396 2340
3 2212 2982 2523
1 1759
1 2371
3 2215 1700 2990
1 2653
3 1580 2624 1487
3 2806 2386 417
3 2349 1577 1201
3 1139 2859 2581
3 2018 1396 1044
1 1053
1 2310
1 1894
3 849 1099 1798
1 761
1 626
3 2421 982 936
1 1981
1 248
3 325 334 1408
3 368 2342 1242
3 245 2617 2302
3 2869 281 1854
3 637 2124 1196
1 293
1 1465
1 2201
3 2911 2611 2120
1 2138
1 1824
3 2987 1151 2479
1 2711
3 1987 262 1178
3 760 2123 1254
1 2166
1 652
1 878
3 2057 1648 1533
1 1767
3 2751 1779 1590
3 741 2293 1308
1 2097
1 2902
3 2345 1314 1737
1 2470
1 1489
1 938
3 751 659 2925
3 1551 1259 2453
3 2638 1604 1188
1 178
3 670 2489 625
1 884
1 326
3 734 1509 667
1 1763
1 703
1 1409
1 456
1 1517
3 2129 486 1495
3 875 2355 1035
3 591 855 2191
3 1044 1581 2869
1 1667
3 496 1096 795
1 1030
3 1367 1200 1877
3 2120 2502 2572
3 1045 1996 554
1 1026
3 2523 1328 2082
1 2222
1 2424
1 241
1 1871
1 2593
1 872
3 2659 708 2715
1 1209
1 2374
1 1743
1 1901
3 1628 2049 1784
3 797 2309 170
1 830
1 2387
1 605
1 1873
1 2366
1 1777
1 1892
1 2917
1 1551
3 2095 468 1179
1 1682
3 240 2391 1494
1 2612
1 1524
1 1110
3 2333 657 2506
3 2488 183 1333
3 1434 1245 516
3 522 488 238
1 1157
3 2588 1670 2547
3 1201 575 2975
1 7
3 648 1138 1263
1 2640
1 856
1 523
1 914
1 562
3 875 2330 1622
3 613 1799 2434
1 1362
1 1140
3 2256 826 1966
3 2277 2203 414
1 803
1 2537
1 1566
3 1114 1132 1757
1 2442
1 1866
1 663
3 1041 1266 2223
3 2395 2246 364
1 1083
3 1949 487 316
3 2820 2388 2443
1 1604
1 121
1 1782
1 1985
1 1459
3 821 2535 2938
3 779 2372 1078
1 357
1 709
3 1734 87 726
3 1035 2380 937
3 2357 2209 658
3 1903 1569 2528
3 2523 8 1811
3 138 2035 19
3 2603 661 621
1 2276
1 1721
1 18
3 751 1103 499
3 2194 1422 2131
1 749
1 211
1 1339
3 1181 2863 2914
1 881
3 255 1417 2926
3 1817 2079 1609
1 2018
1 1808
1 2590
3 2748 2933 371
3 2275 2008 1895
3 1066 785 1802
3 2634 1136 1538
1 2608
1 2846
3 498 1442 770
3 2558 1917 475
3 1054 1727 312
1 646
1 674
3 2280 2784 191
1 2910
1 2273
3 234 326 2018
3 546 2236 2189
1 660
1 2281
1 558
3 1297 248 2408
1 909
3 1506 2692 472
3 2249 2495 1717
1 2991
1 328
3 1892 1503 1772
1 1162
1 1960
3 1639 896 1054
1 1500
3 1880 953 525
1 757
1 2054
3 1969 2471 2173
3 2065 1289 214
1 1929
1 1341
1 2054
3 140 432 891
3 2946 1513 478
3 646 886 133
3 804 111 1066
1 2692
1 649
3 2907 1247 2823
3 2802 29 58
3 1583 684 1227
3 1424 1527 1584
3 219 55 1334
1 1657
3 2814 1068 288
3 854 1965 792
3 568 2197 2324
3 2491 899 786
3 2085 1131 449
3 1565 742 195
3 2521 1419 1434
3 1788 1486 2399
1 2673
3 1721 491 2274
1 2396
1 572
3 69 2963 999
3 1682 2338 581
3 685 2187 273
1 2893
1 1657
1 1895
1 389
3 843 1439 305
1 1057
3 466 1894 390
3 2662 946 2500
1 264
3 2304 1148 2788
1 1286
3 1113 851 2582
1 382
1 5
3 2424 1997 1479
3 2613 2477 1828
3 59 2812 2763
3 2327 1064 2431
1 1371
1 2540
1 884
1 2747
3 414 683 2936
3 250 2344 474
1 2788
3 1964 601 2640
3 1935 1738 2481
3 2667 2429 1804
3 2506 61 876
3 2029 715 883
1 1760
1 1437
1 1883
3 2560 1542 1041
3 939 330 647
3 1819 1361 2498
3 643 2743 741
3 1999 2043 2315
1 1966
3 2012 2347 2143
1 269
1 834
3 1606 573 865
1 1076
1 507
1 2842
1 2462
3 208 1654 2976
3 821 2406 1970
1 2842
1 1519
3 167 508 2943
1 1232
3 1051 2669 31
3 1564 2698 1234
1 2272
1 390
1 871
3 2831 1833 616
3 792 1215 2275
3 1278 2723 56
3 214 90 2919
3 1881 1357 2345
3 1280 224 2887
3 1588 1474 1027
1 299
3 2393 2541 2439
1 1052
1 2651
1 56
1 1599
1 2396
3 2794 822 2159
1 1170
3 773 572 2403
3 587 2511 1697
1 2045
1 507
1 1635
3 1364 2661 2752
3 1739 2979 2771
1 2388
3 2564 744 2671
3 1443 1747 1940
3 2674 406 2844
1 1258
1 708
1 1604
1 908
1 2643
3 2164 2411 874
3 1290 2696 1649
3 2521 176 2233
1 826
3 1450 418 2524
1 1507
1 465
1 1935
1 2863
1 165
1 2737
1 1997
3 871 1930 580
3 716 1024 57
1 2570
1 764
1 200
1 1707
1 2809
3 2183 2365 1741
1 1478
1 493
3 591 831 1723
1 1011
1 1080
3 1212 1948 1283
1 505
3 2581 277 3000
1 2654
3 2266 2260 827
3 2727 2023 1684
1 959
3 2539 2757 845
1 2934
3 1306 268 1614
3 271 321 1443
1 1033
1 27
1 517
3 636 2137 2748
1 984
1 546
3 1536 2047 1347
1 1849
1 2730
1 1898
1 655
3 820 2162 568
3 1534 1038 1993
3 1240 1732 2488
3 1189 2142 2856
1 349
1 1426
1 2745
3 1081 2053 2537
1 1960
1 1254
3 430 830 2742
3 1449 934 1563
3 156 287 524
1 2001
3 2914 2447 2494
3 43 18 1875
3 359 857 1867
3 2068 2800 2527
3 2221 1409 653
3 1458 1403 1903
1 872
3 1628 1435 2724
1 603
1 2875
1 2435
3 1457 2407 34
1 2866
3 2371 1808 1450
3 2417 455 412
1 974
1 238
1 1871
3 1147 2341 2256
1 1766
3 2065 712 2037
1 1446
1 2008
1 1343
1 1952
3 2452 1725 2892
1 509
1 2855
3 927 2100 1776
3 1152 998 2814
3 2243 2122 773
3 798 1960 1367
1 1460
1 254
1 2820
1 1308
3 2336 2410 11
3 1276 1528 574
1 1660
1 430
3 1072 95 2518
1 2338
3 2250 1020 1529
1 2200
1 1157
1 24
1 703
1 2045
3 891 780 2907
3 2334 361 1803
3 996 850 271
3 2591 2382 2487
1 131
3 990 1742 1505
1 1052
3 1529 2332 2568
3 221 784 1839
1 2598
3 288 2734 1718
3 207 1679 970
3 2128 1491 2791
1 1752
3 239 2378 2136
3 2672 2354 1952
1 1610
3 2564 1421 734
3 2628 2969 1682
3 729 1021 1379
1 1998
3 2218 833 1019
1 97
1 167
3 140 2731 689
3 2360 769 2877
1 1635
3 259 2353 1109
1 2397
3 2059 376 849
1 1310
3 1241 1459 557
3 2242 1846 102
1 1506
3 2403 206 2910
3 188 2846 1342
3 3001 938 2965
1 1475
3 895 1124 531
3 1495 1521 2961
1 523
3 1022 2404 381
1 2083
3 1377 342 309
3 316 2074 852
3 2574 442 1583
1 966
1 2072
1 542
3 1352 1445 1152
1 519
1 1046
3 139 2084 1031
3 967 2858 393
3 2306 2179 2029
3 2185 514 2867
3 1408 836 1075
1 1496
3 2527 600 140
3 1019 148 504
3 414 2717 2727
3 230 2685 1761
1 2335
1 2865
3 1347 1097 1073
3 937 1447 635
1 2653
3 502 1009 617
3 2506 721 2603
1 2194
3 2231 1629 1056
1 1703
1 1330
1 2243
3 2788 1707 1615
1 1371
1 1692
3 2177 1613 1898
3 2599 512 1092
3 1712 2912 1113
1 557
1 2795
3 672 396 215
3 2582 835 1856
3 1242 2563 1892
1 2135
1 1437
1 2195
1 2014
1 2287
1 106
1 2576
1 2509
3 495 544 2775
3 1717 218 1205
3 2566 1644 1631
3 2880 1084 1430
3 655 2855 1954
3 569 150 1611
3 719 991 2022
3 1152 2015 1661
3 582 2989 1749
1 2529
1 1333
3 402 252 1410
3 1938 562 2517
3 1735 1855 2096
1 2983
3 339 1324 261
3 307 2769 1412
1 453
1 143
3 2302 1454 2909
1 1026
3 2775 2895 2578
1 605
3 367 1560 1733
3 263 2626 862
3 2007 565 2118
1 739
1 982
1 1426
3 2666 1345 587
3 586 1841 340
1 2785
3 1057 1512 2127
1 914
3 2691 377 99
1 2463
1 2664
1 1301
3 1638 1902 1170
3 820 1037 1159
3 2848 2069 1879
3 686 1984 1502
1 2115
1 522
3 290 33 928
3 22 2222 1795
3 2422 424 1814
1 1046
3 1219 579 124
1 1995
1 1883
3 759 633 820
1 2659
1 809
3 1806 878 893
1 32
3 2726 1026 152
3 2479 1641 1291
1 782
1 323
3 531 2779 1540
1 1017
1 1085
1 828
1 184
3 1813 2276 1692
1 818
3 726 2405 701
1 88
3 1903 52 2838
1 1475
1 2143
3 1028 2286 1484
1 2984
1 1936
3 935 1292 952
1 608
3 2785 703 26
3 529 1612 873
3 1188 1046 394
3 1547 60 2474
1 2678
3 1373 1236 735
1 1202
1 1841
3 1586 2796 2630
3 1281 1508 301
1 1154
1 951
3 1655 209 240
1 299
3 739 1460 145
3 2568 243 2953
1 1239
3 2891 1789 2519
3 2813 72 2577
3 420 1754 1924
1 2119
3 1168 401 561
3 994 2195 1305
1 137
1 180
1 84
3 2066 216 2706
1 184
3 2677 1003 1161
3 997 163 1198
1 2707
3 1693 2244 1285
3 2526 1934 2327
1 91
1 2595
3 1198 2364 2545
3 2010 88 1332
1 788
3 1340 1209 546
3 682 2552 2894
3 1812 210 2916
1 691
3 1156 2587 751
3 1538 2121 1432
3 972 1293 2218
3 1812 1415 923
3 2588 1578 2900
1 1312
3 2217 673 2695
1 287
1 246
3 1859 264 1783
3 1515 2174 598
1 2850
1 2698
1 488
1 2408
3 1819 675 2831
1 2839
1 2010
3 1235 1866 2201
3 2456 2870 2857
1 1671
3 1303 1888 864
3 2694 2985 2183
1 2709
3 1587 2529 858
3 624 1455 2955
1 1618
3 634 462 93
1 2691
3 1165 2623 7
1 2389
1 2732
3 115 722 351
3 1765 177 1077
1 1965
1 1185
1 436
1 2328
1 2595
1 294
3 2697 2903 368
3 1302 2220 1261
1 2126
3 1907 563 1853
3 2305 2952 1981
1 532
1 708
3 2128 1748 1051
1 1396
1 1994
3 178 1115 624
1 1148
3 2670 1618 2770
3 2143 2508 483
1 2544
3 1692 1923 2093
3 2781 824 2329
1 893
3 481 91 1992
1 639
3 1520 1446 757
1 1311
3 1308 1626 2290
3 2461 583 648
3 2946 1686 1224
3 301 1381 77
1 255
1 2231
1 347
1 2139
3 1377 1870 2164
1 1552
1 2134
3 1350 190 2957
1 2924
3 676 84 188
1 2460
3 2751 1896 2398
3 1004 1226 1922
1 1455
1 1488
3 736 231 2336
3 1784 1121 837
3 1539 2460 608
3 960 1522 70
3 2703 1668 51
3 2574 1550 1889
1 2437
3 1304 2322 370
3 832 1758 1886
3 1399 1473 1624
1 1936
1 1985
1 489
1 206
1 2573
3 1857 2151 1705
3 446 2257 339
1 1532
1 2432
3 986 1656 1536
3 2950 1223 2585
1 2497
3 1056 175 2533
1 464
1 979
3 1943 615 1436
3 2853 2653 2761
1 472
1 202
1 253
1 2300
3 1476 2681 671
3 2673 2901 1739
3 1944 2425 2574
3 1717 1321 986
3 251 1199 324
1 2342
1 1911
3 102 1571 2052
3 1325 1744 2571
3 2758 121 951
3 2400 2457 447
3 1261 1420 2493
1 2628
3 1449 2522 2686
1 1337
3 1359 1130 157
3 1756 2747 241
1 1070
1 2538
1 2407
1 2455
3 935 610 1466
1 2345
1 2932
1 1346
1 1342
1 2947
3 2630 1279 2185
3 2674 1501 995
1 863
3 1126 2169 623
3 1860 1433 1617
3 608 596 402
3 1342 313 174
3 337 1216 1089
1 1808
1 732
3 1798 1688 2055
3 155 358 1206
1 384
3 1943 1959 620
1 2453
3 412 122 1928
1 377
3 2017 2618 765
1 485
3 2302 306 1325
1 547
1 520
3 758 2420 2848
1 1493
3 1025 1171 2454
1 2797
3 936 1593 1241
1 1459
3 1795 269 2497
1 1332
3 387 2138 1517
1 1000
1 1923
1 1305
3 493 1271 50
1 466
1 276
1 508
1 2708
3 2777 1736 251
1 99
3 1113 147 2390
1 418
3 700 1689 2393
1 2274
3 2520 1921 2632
1 2979
3 581 2866 2485
3 1886 817 1755
1 697
3 307 2774 2613
1 1552
1 1602
3 1699 1125 2094
1 2524
1 2267
3 2326 322 367
3 1283 422 114
3 635 2736 2768
1 355
3 2537 151 98
1 293
3 2253 13 2795
3 611 73 1394
3 2978 1275 1011
1 2180
3 2334 194 972
1 2680
1 294
3 972 89 285
1 1846
3 240 916 1315
1 1044
1 2378
1 942
1 2705
3 238 2097 464
1 1048
3 611 733 2334
1 2954
3 1620 1106 502
1 228
1 1340
1 1704
1 253
3 1566 1008 1036
3 1118 2180 2672
1 1307
3 2307 2414 1620
1 2429
1 2508
1 2036
1 2278
3 2125 353 1669
3 2944 220 1045
1 1346
1 2014
1 2081
1 1913
3 2880 590 149
1 2728
1 886
1 1181
1 1761
1 1050
3 2872 2480 17
1 1612
1 2687
3 679 2166 1973
3 2185 1947 2456
1 2317
1 1115
3 1995 444 2612
1 601
1 2739
3 2249 2441 2830
3 2918 1597 1586
1 2937
1 2529
1 413
3 1355 809 632
3 53 2824 841
3 179 2680 529
3 500 1792 83
3 24 299 2875
1 2482
1 1478
3 1788 889 2663
3 1809 1858 974
1 2508
3 1280 1863 2427
1 272
1 2402
1 2163
1 1719
1 2821
3 797 645 1093
3 632 2559 1253
1 230
1 1524
3 1794 1562 1392
1 1621
1 2952
1 2342
3 2149 386 2950
3 2664 2531 760
3 1050 1767 24
1 2340
1 2407
1 2739
3 2881 1524 2421
3 1093 1469 510
3 2482 517 1081
3 1145 2660 1768
1 2517
3 475 2145 1401
1 2841
3 881 884 678
3 1787 1821 1974
3 943 431 2326
1 2833
1 2525
1 1738
3 1208 2658 2034
3 2560 2321 781
3 1693 1414 1939
1 2002
3 53 584 1972
1 2293
3 1197 395 1843
3 1139 1287 2337
3 791 1478 776
3 1028 1869 2694
1 1215
1 2903
3 1973 469 2994
1 563
1 1965
1 1902
3 1368 1830 656
3 816 1743 2504
3 2093 1815 466
3 2716 1657 663
1 445
1 262
3 2107 846 2249
1 2943
1 1834
1 662
3 1992 1185 754
1 2358
1 1989
1 2485
3 900 1848 1677
1 531
1 1343
3 879 378 1176
3 2333 2966 1951
3 1804 1549 1440
1 1769
1 2594
1 1926
3 1075 2370 618
3 2423 1225 2805
3 485 523 1025
1 458
1 483
3 2415 505 1621
1 1957
1 368
3 1019 1780 839
3 613 107 577
1 329
3 1354 629 987
3 2825 2616 1114
3 1492 1267 103
3 516 2228 2149
1 1979
3 1443 391 1359
1 1918
3 98 2469 179
3 900 2776 1380
1 596
1 403
1 1781
1 1234
3 298 164 2177
1 1696
3 1590 1187 2349
3 46 887 100
3 909 106 1339
3 636 604 515
1 1630
3 1672 2693 892
1 1549
3 1227 919 961
3 723 2598 318
3 1204 332 470
3 2356 2679 47
3 228 2303 208
3 1666 1514 2194
3 534 2230 779
3 2193 270 589
1 2186
3 2829 2041 2646
1 2803
1 1594
1 1547
1 2602
1 282
1 2347
3 241 2540 202
1 2222
1 250
1 2188
3 2356 805 2722
1 2119
3 2308 456 1539
1 528
1 1879
3 520 1017 1756
3 2619 308 1825
3 709 2931 1147
1 175
1 1884
3 1856 2808 379
3 967 1391 409
1 2701
3 1697 2580 166
1 560
3 1880 619 2514
1 9
1 2102
1 1423
1 822
1 2745
1 1271
3 542 1172 1964
3 951 966 1777
1 2490
1 34
1 102
1 528
1 2189
1 50
1 1800
1 2384
1 1218
1 188
3 2913 2988 2486
1 2869
1 895
3 1441 2241 2381
1 2654
1 491
3 2413 136 1976
3 1958 2852 2583
1 1148
3 543 856 276
3 1029 160 2007
3 726 926 1908
3 2193 1868 2109
1 1875
3 1378 1288 901
3 1180 2590 2802
3 1763 2412 2132
1 758
1 1606
3 1253 1594 2061
3 502 2468 1740
1 868
3 2524 818 1488
1 1762
1 2221
1 2902
1 803
1 254
1 160
3 2126 2711 1721
1 2698
1 1215
1 203
1 1975
1 145
3 2983 985 45
3 2997 154 2154
1 2965
1 2538
1 1783
3 2432 2708 2726
3 2001 968 2238
1 2540
3 1077 1482 434
3 274 1112 727
1 2890
1 2695
1 67
3 513 564 445
1 2802
3 1733 644 2400
1 2533
3 2593 1561 676
3 2829 460 141
1 2685
1 596
3 1302 2970 2062
3 662 2081 2573
3 1430 226 1823
3 2555 1310 2279
1 1955
3 1605 2510 705
1 1781
3 2349 2021 1169
3 2408 1916 655
1 1167
3 595 338 2350
3 839 1190 1797
3 1092 2105 2226
3 1479 2397 9
3 1383 2361 1628
1 2651
3 1011 1650 1323
1 2509
3 69 1796 1788
1 131
3 1306 1862 1119
3 1197 917 193
3 26 2045 1564
3 1347 1619 2566
1 2084
3 1004 1269 711
3 1983 1745 2312
1 1043
3 86 2589 636
3 2771 2070 405
1 1171
1 2723
1 2153
1 1899
1 1576
1 1386
1 60
3 1882 984 1181
3 663 669 2803
1 792
3 104 2721 1395
3 44 1437 143
3 2170 1731 640
3 1838 2928 1304
3 1305 1052 2415
1 558
1 826
1 2217
3 1621 978 1859
3 672 2 116
1 2163
1 1286
3 2198 2595 380
1 1654
3 1339 1602 2389
3 324 1135 988
1 822
1 13
3 2603 1102 1765
3 1540 605 2822
1 2343
1 1654
1 2770
1 777
1 740
1 1018
1 754
3 246 1851 1050
1 2708
1 1232
1 1738
1 1732
3 1728 317 1229
3 2854 2850 2231
3 319 1040 2215
3 2872 1698 694
1 639
1 2443
1 2455
3 2973 650 2095
3 1555 2625 404
3 841 2886 495
3 57 2636 548
1 2256
1 2924
1 139
1 1630
1 244
3 1939 2927 2665
3 2993 1914 1568
1 1473
1 1446
1 1800
3 952 1887 1123
3 70 411 1693
1 1707
3 2749 2556 1444
1 2726
3 2149 350 1709
3 85 2210 2995
1 1417
3 717 799 2853
1 2712
3 145 2607 1297
3 2428 2014 2655
1 2579
1 164
1 1030
3 1949 2448 2133
1 1185
1 1930
3 849 1716 1091
1 1615
1 13
1 1662
3 879 1616 2600
3 2051 453 2482
3 1362 2036 1576
3 1398 2827 325
1 815
3 2019 945 328
3 2317 1635 643
1 1701
3 380 872 2221
1 1979
1 665
3 2913 275 1211
1 985
1 1118
1 234
3 2884 2878 356
1 614
1 632
1 678
1 1376
1 1489
1 2551
3 1263 1687 219
1 1320
1 1789
1 2285
3 2393 594 1820
3 2839 1160 717
3 1929 697 1532
3 1203 764 23
3 656 848 1204
3 1875 389 1180
3 2554 902 2567
3 77 451 738
1 2287
3 1163 2117 494
3 2232 737 1977
3 1974 1472 681
1 1323
3 80 2939 2874
1 886
1 1945
1 2335
1 1782
1 2701
3 2665 2265 1298
1 791
1 1539
3 1176 1313 2606
1 572
3 834 2009 796
1 1980
1 2559
1 108
1 1348
3 2461 536 1715
1 2643
3 670 844 2918
3 138 567 2090
1 248
3 1398 2011 1375
1 2135
3 2263 802 2558
3 2440 1941 2554
3 1045 192 1214
3 2491 897 672
3 1582 1774 236
3 499 813 821
3 2577 439 1010
1 1348
1 586
3 2059 910 812
3 397 528 1183
3 1583 1344 1329
3 2974 1695 2417
3 23 749 2865
1 2311
3 1615 1386 513
1 1845
3 2125 2832 1028
3 1817 2005 935
1 2915
3 327 1370 2483
1 2276
3 1033 803 2807
3 2048 2594 2371
1 300
3 1580 153 1277
3 1555 2889 2817
3 2416 344 2921
1 2429
1 2697
3 447 1950 104
3 1411 2584 994
1 32
1 1357
3 2486 539 283
3 2360 1591 2674
3 2801 639 2240
1 1520
1 1335
3 1536 2843 1294
3 1572 507 746
3 2201 1493 1118
3 483 2102 2106
3 1036 1785 2432
1 741
1 1540
3 2898 1696 1174
1 2214
1 2955
3 1352 1195 2741
1 1894
1 2242
1 2036
1 1679
1 1081
1 955
1 1646
1 878
1 1200
3 46 724 2755
3 1647 2861 2565
3 2875 1335 1278
3 1592 2352 766
1 1531
3 970 2841 2304
1 2490
1 421
3 2948 2503 1874
1 2576
1 1752
1 3001
3 56 1883 520
3 420 2635 94
3 568 2879 2703
3 1554 2254 1368
1 573
3 2665 2006 2599
1 980
1 679
1 2099
3 195 1771 1260
3 1652 2759 1476
1 256
1 799
1 481
3 189 1640 2815
3 2675 2562 1088
3 2517 247 2048
1 1530
3 1733 407 585
1 2730
1 1642
3 2822 2016 1515
3 560 1162 2126
1 1850
3 677 1782 27
1 819
3 256 2525 139
1 423
3 782 1663 2670
3 1201 550 296
1 2081
1 269
3 1013 3 1639
3 2744 1107 1938
1 206
3 390 348 1033
1 1256
1 513
3 736 1251 437
1 529
1 2915
3 1708 801 413
3 429 2056 359
1 1671
1 1973
1 2279
1 576
3 701 755 2819
1 1629
3 2571 2896 427
3 1879 1884 421
3 495 173 842
3 648 1753 448
1 2779
3 2374 2542 1991
1 1572
1 2743
3 2806 62 1673
1 809
3 2722 2086 2111
1 2906
1 966
1 2641
1 1789
1 1312
3 766 1250 2419
1 329
3 1712 501 627
3 1418 788 1975
1 2174
3 986 375 941
3 279 2207 1173
1 2088
3 2215 1872 2068
1 1147
1 1881
1 629
3 1895 2797 2099
1 257
1 42
3 1126 756 2564
3 2975 82 1295
1 2542
1 476
3 2104 1030 2428
3 1378 838 2851
3 133 2604 2311
3 97 503 2592
3 2526 521 1559
1 2481
1 1815
1 2926
3 2111 2467 229
1 816
3 598 2287 2697
3 225 1885 1598
1 1859
1 469
3 2096 497 221
3 2110 360 2662
1 643
1 91
1 1842
1 2618
3 589 1523 2501
1 239
3 1055 2908 1722
3 1429 2650 686
1 2008
3 845 96 1647
1 1756
3 2112 1775 315
3 2887 1374 736
1 503
1 760
1 1512
3 965 954 135
1 2341
1 1938
1 247
1 453
3 458 2937 471
3 1652 1425 2295
3 2090 1400 2871
3 1303 774 1565
1 74
3 2272 403 2709
1 2881
3 776 1376 397
3 2735 1989 1995
3 203 2313 677
3 1072 1322 759
3 617 1382 1219
1 1612
1 298
1 2313
3 2328 1703 2906
1 2091
1 1739
3 2176 1062 637
1 2884
3 1013 2534 1049
1 762
3 2120 130 85
3 2434 747 866
3 1755 1822 2422
3 2959 2915 1411
3 2865 1363 1240
1 2428
1 2494
1 2188
1 1496
1 580
3 1156 2247 2075
1 955
3 413 2728 22
3 1182 1665 319
3 1532 2300 255
3 1645 159 900
1 1930
3 1249 2455 2954
1 181
1 1795
3 795 2766 2929
3 1728 1463 1377
1 2972
3 1974 2392 1672
1 2792
3 1277 1194 1909
1 44
1 680
3 2462 2641 1907
3 2833 42 1362
3 100 2444 1659
3 2592 1341 1666
3 509 1348 246
1 247
3 2899 2897 2813
3 931 2575 642
3 2703 1680 700
3 2695 329 1849
1 2421
3 76 2651 1043
1 1372
3 1849 2318 1399
3 841 2262 2367
3 1123 1061 1953
1 2469
3 2030 2842 2608
1 931
1 1503
3 2646 2458 335
1 2343
1 2984
3 1214 867 1937
1 2623
3 86 169 352
3 2976 2310 1165
3 2327 1122 307
1 2469
1 2680
1 196
3 1856 480 2065
1 562
3 635 921 1541
3 541 2157 2729
1 389
3 538 1272 1352
1 1275
3 819 2730 2019
3 728 702 2513
1 1183
3 903 1671 895
3 1022 956 1208
1 151
3 2273 2134 1987
3 766 2962 2066
3 2479 2027 2997
3 738 1714 2064
1 2737
3 1174 423 120
3 534 1720 1456
3 2400 1246 1047
1 559
1 2195
1 1638
3 2663 2050 2690
3 1281 490 343
1 2705
1 2672
3 2057 1633 595
3 1440 2509 228
1 1422
1 614
3 2307 1730 1428
1 2016
1 559
3 1926 1660 1566
3 2753 2733 1393
3 1517 1690 1397
1 74
3 356 2387 2242
3 1176 2028 2516
1 2268
3 2972 1530 1418
1 2584
3 312 1221 1213
3 1877 2335 646
1 776
3 997 266 249
1 2383
1 1581
3 1645 2773 454
1 564
3 2940 16 1274
3 1436 2299 1836
1 1890
1 1564
3 1582 2013 1055
3 2096 1847 101
1 761
1 908
1 142
3 1620 696 1451
3 1574 1048 1842
1 1465
1 1851
1 2104
1 1846
1 1008
1 2358
3 475 2204 1390
1 1587
1 2069
3 482 132 263
1 1851
1 385
1 2180
1 740
1 1297
1 825
1 858
3 1647 2981 2269
3 2940 2039 1812
3 622 540 731
3 1254 665 980
1 1737
1 1349
3 1383 1042 2292
3 340 1083 2744
1 1235
3 2311 868 2040
1 40
3 2993 1282 4
1 2519
3 1544 535 2092
3 1802 2799 898
3 772 1871 2507
1 2667
3 538 1255 372
3 2029 1729 1449
1 1258
1 2072
1 2415
3 2132 1475 543
1 2991
1 1626
1 1330
1 1271
3 222 558 791
3 474 2054 1806
3 2634 2466 949
1 1629
3 1133 186 259
1 1514
1 377
1 2778
1 441
1 2876
1 208
3 1945 1232 1572
1 1708
1 1642
1 1202
3 404 1946 1231
3 580 1426 1154
3 2159 2643 178
3 1824 2893 570
1 854
3 80 1694 2825
3 291 1230 977
3 789 1546 345
1 1124
1 374
1 469
3 995 28 118
1 796
1 1186
1 2420
1 348
1 723
1 565
1 2584
1 2855
3 2436 477 1406
1 1460
1 653
3 863 1897 1553
3 1075 1518 804
1 160
1 765
3 2683 38 1958
3 1829 1920 295
3 525 918 2548
3 2107 1127 2478
3 2950 92 1120
1 29
3 1218 2402 709
3 1784 2150 435
3 961 2067 75
1 968
3 2599 2629 1014
1 2088
1 1417
3 225 1904 2913
1 2952
1 1341
1 1519
1 444
3 1093 127 2413
1 2070
1 76
1 1025
3 2218 1166 1039
3 1432 1318 171
3 685 1143 2899
3 120 1766 758
3 1380 2649 2713
1 1884
3 2136 1998 973
3 1178 257 942
3 651 1471 1299
3 2944 1805 2289
1 12
1 938
3 2573 2999 1845
3 2551 955 2272
3 602 1570 843
1 1178
1 1171
3 50 825 2898
1 152
3 2212 1252 1100
1 2618
3 202 1704 2638
1 465
3 292 2645 1013
1 1790
3 1718 2261 611
1 2546
3 429 823 198
3 2164 2076 943
1 1913
1 182
3 1691 674 679
3 2805 10 622
1 603
3 996 1498 2648
3 2271 2956 2208
3 2238 196 1355
1 22
3 1952 300 691
1 1301
1 973
1 1553
1 1162
3 2548 66 1735
1 1076
1 2692
1 2354
1 280
3 1966 1760 2104
1 994
1 2012
1 1834
1 323
3 2814 1832 1002
1 26
1 1663
1 2420
3 2687 1913 1203
3 472 2362 1881
1 2670
3 587 2998 641
3 1672 1510 2266
1 984
3 2520 2234 2107
3 1793 1353 2452
3 496 885 1676
1 1667
1 1008
3 1588 398 1592
3 2987 2146 1431
3 1227 1683 1674
1 2559
3 719 2862 1893
3 59 2476 2473
1 570
3 547 1080 1610
3 2876 2902 772
3 943 2038 2025
3 1208 1504 685
3 2114 2343 819
1 2999
1 1180
1 945
1 2236
1 2542
3 694 162 2935
1 418
1 1116
1 987
1 746
3 1705 112 433
1 1481
3 2911 125 1963
1 1404
3 417 1117 1306
1 2685
3 104 2772 1655
1 2293
3 597 1074 1458
3 34 1085 230
3 1839 1483 327
3 2413 2811 1197
3 1408 297 607
3 1458 1079 1786
1 1503
3 765 2576 863
1 1253
1 697
1 762
3 2423 1664 1962
1 2845
3 548 128 225
3 1853 2088 2881
3 271 1387 49
3 201 267 1485
1 753
3 1755 2430 2130
3 541 400 2967
3 2856 1193 2297
1 2767
3 2111 119 1978
3 595 993 6
3 421 181 626
1 1772
1 2114
1 2048
3 1579 2004 719
1 1115
3 1576 2835 2217
1 1942
3 2486 794 2395
1 2758
3 1838 913 1810
1 1249
1 2084
3 1168 2986 2235
1 207
3 2350 2668 1034
1 1992
1 1760
1 860
3 754 2281 1926
3 731 2385 847
3 653 1957 2839
1 2069
3 1922 1016 1645
1 2236
1 830
3 2232 235 1303
3 367 1567 1270
3 2527 2401 2860
1 2893
3 2926 2186 2030
1 666
3 2422 362 291
3 2110 631 767
1 1602
3 1441 1526 569
3 980 2188 1248
1 348
1 1338
3 2677 2885 1910
3 2141 828 782
3 2214 2725 790
3 2748 1316 1728
1 1732
1 924
1 380
3 2298 1268 167
1 1367
1 1012
3 479 440 1819
1 1594
3 561 2451 2271
3 2631 1164 2277
1 2592
3 1924 2206 1023
3 1759 1111 2114
1 828
3 447 227 410
1 2344
1 1890
1 1873
3 1092 2569 290
3 251 710 992
3 155 303 1829
1 2822
1 2848
3 2943 233 2305
1 313
1 2575
1 982
3 923 1452 990
3 973 1312 1574
3 1476 1137 2560
1 1110
1 1311
3 1901 1980 2687
3 2768 1032 1284
3 1978 2449 1326
3 720 54 2880
1 2308
3 2803 1186 2273
1 598
3 2376 172 768
1 2655
3 1623 2764 69
1 2463
3 1537 1006 2942
3 2118 2712 2153
3 1462 2283 2781
3 734 1919 1004
1 403
3 2452 725 2176
3 1537 606 927
1 106
3 279 366 2259
3 1787 2951 484
3 2131 302 2628
1 2053
3 2609 415 1145
3 2176 981 2032
1 2638
1 1907
1 1355
1 1413
3 1114 2301 582
3 201 438 1516
3 1325 2316 2270
3 2948 693 670
1 1335
3 2112 1831 304
1 1666
3 1264 911 552
1 564
3 1429 2515 1643
3 2710 2080 832
3 214 197 46
3 1617 2656 1280
1 2994
1 1167
1 563
1 385
1 2354
1 1858
1 2338
1 1625
1 1650
3 518 294 1708
3 1933 2996 1596
1 2590
1 2002
1 2723
1 978
1 183
3 1277 906 1389
1 436
1 1858
1 1691
3 1699 2561 2631
1 1059
1 2397
1 302
1 2999
3 1182 463 341
3 2795 2705 2374
1 397
3 1424 1906 1360
1 120
1 1634
3 11 2492 1276
3 795 2077 2911
3 409 2252 2000
3 1718 232 237
1 825
1 1450
3 2807 74 1638
1 2735
3 2965 1346 493
1 2604
3 1123 2980 2357
1 1160
1 2465
1 1626
3 1610 436 234
3 1624 660 2891
1 1767
3 1481 2538 419
3 597 1681 1925
3 1189 2152 1778
1 2166
3 2263 1710 511
1 2267
1 508
1 1561
1 1809
1 2052
3 2533 2544 2351
1 196
1 2017
3 1161 1438 912
3 108 2934 2890
3 2436 506 2974
3 516 1915 1184
3 2153 254 2959
1 1467
1 2921
3 1893 1480 1770
1 23
3 1333 1531 2462
3 2646 1545 2749
1 1703
3 731 2245 996
1 868
3 1239 131 2905
3 570 1667 1506
3 891 2496 78
1 2525
3 1485 1416 2588
1 444
1 2725
3 1379 1087 2637
1 2898
3 1829 1675 1492
1 1172
3 1379 2676 2610
3 1844 1762 1000
1 2305
1 1116
3 7 1936 1507
3 1467 1500 1901
3 2921 1519 2012
1 2403
3 1958 1905 1860
3 2565 2475 599
1 29
1 1310
3 582 2346 1990
3 11 654 1071
3 64 105 1551
1 677
3 446 2782 2331
3 70 2714 2642
1 60
3 2955 908 1354
3 1430 718 1133
3 589 2418 2306
3 2465 476 723
3 2742 2767 97
1 1897
3 189 2968 1999
3 1120 2700 1712
1 1268
3 1623 2464 748
3 2539 1336 549
3 478 2248 1787
1 394
3 845 2828 65
3 2582 2158 745
1 2969
3 2271 2339 1943
1 405
3 304 628 729
1 2304
1 970
1 1850
1 2978
1 2809
3 1031 1258 959
1 1766
1 772
1 2070
3 1990 1192 2085
1 1140
1 2278
1 2198
1 1613
1 2139
3 337 2786 1734
1 2416
1 2531
1 402
3 2473 1210 948
3 746 355 1809
1 2947
3 923 2071 71
1 2904
1 2821
1 818
3 2279 1202 2667
1 2863
1 2447
1 233
3 686 1477 2499
3 2548 2704 20
3 1994 2002 1547
3 1041 2765 541
1 2388
1 518
3 901 1685 880
1 2641
1 2801
3 698 374 2298
1 2779
3 815 519 924
3 1933 2190 1058
1 264
3 1939 1558 1069
3 215 1098 2683
1 2186
3 99 32 2746
1 2598
3 2504 1116 1057
3 1055 533 189
3 656 551 1632
1 2296
1 252
3 2565 2156 1212
1 2369
3 2777 459 2847
3 694 63 1378
3 2417 2756 2720
1 156
1 1679
1 2744
1 1957
1 1479
1 1816
1 180
1 1259
1 2934
3 2910 1800 37
1 2474
3 31 1384 1944
3 1234 40 1481
1 2854
3 1909 1207 682
3 678 1781 485
1 2878
1 717
3 1283 1128 420
3 602 1067 109
1 164
1 2300
1 2845
1 1172
1 2891
1 1031
1 2447
1 1056
3 1233 743 534
3 2810 1311 1929
1 357
1 1844
1 1916
3 215 1864 1927
1 2678
3 1145 2702 1817
1 2949
3 1373 2647 2591
1 1107
3 1649 1388 496
3 2357 537 446
1 665
1 2093
1 165
1 1561
1 2136
3 1000 930 222
3 2890 2707 458
1 2747
1 2053
3 2606 2754 877
1 1411
1 2347
3 434 1243 155
1 773
1 2761
1 1997
1 384
1 1806
1 1593
3 2369 2072 1337
1 2841
1 1320
3 1842 384 2904
3 2873 2073 870
3 2306 2920 1651
1 1690
1 2009
3 1954 1816 2141
3 1794 320 1534
3 1983 213 1623
3 259 859 2436
3 324 2789 201
3 622 185 1358
3 1955 2285 156
3 2887 2155 907
3 1163 1453 2170
3 2798 211 2551
3 1922 2816 217
1 2318
1 1991
1 2362
3 2277 1300 2787
1 629
3 1502 1309 553
1 2778
1 1790
3 738 2368 2333
1 2536
1 1696
3 77 1878 983
1 2362
1 1530
3 2666 2196 2379
1 1899
3 2183 2438 1949
1 1663
3 1565 787 2224
1 2007
3 58 576 834
3 1054 2930 2314
3 1401 2144 274
3 1969 2108 720
3 2127 2268 518
3 9 1642 903
3 2967 1982 1072
1 121
3 1605 2738 48
3 1494 1351 1699
1 1186
3 1538 1543 2620
1 2303
1 302
1 2009
3 2663 925 1281
3 1592 2532 2282
3 2923 2614 2849
1 2507
1 979
1 764
1 2901
1 252
1 2716
3 974 2701 871
3 666 282 1606
3 2456 713 1544
1 732
1 151
1 2122
1 471
3 2290 1012 137
3 893 465 881
3 1655 1317 526
3 757 2745 452
1 985
3 263 457 2026
1 2141
3 36 962 2751
3 434 1525 2922
3 57 793 958
3 1860 1600 1220
3 288 1961 2834
3 327 810 80
1 2118
3 304 2255 1065
1 2384
3 1043 1167 44
3 1170 1918 2798
3 2078 2472 2944
1 1399
1 491
3 479 1827 2024
1 98
3 2608 1053 1070
3 2061 180 2243
3 2439 1005 1678
1 2797
3 2655 489 1372
1 1174
3 1839 2294 2284
1 2949
1 669
1 374
3 1 126 2948
1 1593
1 2290
3 2395 2199 2263
1 1017
3 1360 39 429
1 175
1 2903
3 2046 117 1462
1 2544
3 2905 1985 2810
1 2835
3 478 888 2615
1 2296
1 179
1 1107
1 467
3 2710 2652 1658
3 2694 1101 2348
1 1923
1 43
3 1649 2882 123
3 168 346 2178
3 1214 706 2520
1 856
1 133
1 1574
3 858 1301 331
1 2977
3 1911 165 2369
3 36 336 260
3 1173 2042 492
1 753
1 257
3 1154 1630 798
1 1931
3 1765 2740 947
3 339 2113 498
1 505
1 624
1 313
3 427 807 963
3 219 690 1168
1 2711
1 452
1 355
3 1120 2945 2543
3 1777 1110 1882
1 903
3 1204 1711 1022
3 2749 2160 1364
3 1349 2202 430
1 2127
1 1473
3 837 1837 1746
3 965 1589 53
3 1553 603 1935
3 2888 1890 1018
3 2849 110 279
1 790
1 2604
1 945
3 1492 1556 1264
3 292 904 1365
1 1897
1 282
3 1380 775 1144
1 2607
3 152 1552 2978
3 2775 426 2666
3 2274 1752 2083
3 2997 763 2539
1 2298
3 331 2358 2593
3 2640 2778 1338
1 930
3 2849 161 2505
3 168 1237 2526
1 1581
1 2969
1 2850
3 416 2229 2172
1 1268
1 1980
1 2575
1 1954
3 1845 441 1994
3 85 829 2872
3 839 2682 2806
3 1568 1238 808
3 924 695 2328
1 798
1 1599
1 2807
3 759 2780 752
3 2715 1330 739
3 2090 311 1579
3 2838 1988 592
1 2134
3 2768 2063 2128
1 1719
1 1500
1 1124
3 1035 1595 1607
3 2609 2633 81
1 233
1 2351
3 1854 2163 2735
3 637 2213 2873
1 2115
1 1854
1 280
1 1762
3 67 614 1625
1 920
3 291 1497 2777
3 1276 940 967
1 1357
1 2570
3 862 1007 2993
3 1104 1371 1911
1 467
3 404 2960 138
1 88
3 31 1402 1094
3 2536 253 1340
1 2051
1 799
3 416 1557 2940
1 222
1 2097
3 843 778 2553
1 300
1 2174
1 272
1 1512
1 105
1 1404
3 995 2699 2193
1 2442
3 137 293 532
3 1705 2320 2609
3 729 905 944
3 1639 556 1177
1 1165
1 340
1 2866
1 1618
1 1085
1 2016
1 1650
3 569 969 1424
1 456
3 651 1702 2677
3 2389 860 1844
3 2770 357 256
1 801
3 37 182 108
3 359 869 1126
3 1434 2098 976
3 2443 1496 666
3 419 1931 522
1 181
3 700 566 933
1 2563
3 960 2161 25
1 2318
3 779 1155 2078
1 1549
1 174
3 2568 2291 2491
3 409 158 875
3 2068 1142 806
3 2437 2135 387
3 1066 284 1146
1 331
3 1462 1865 1490
1 2412
3 2078 2375 730
1 669
3 2938 1807 2946
1 142
3 1761 2175 1824
1 2835
1 2878
3 2280 1296 1794
1 673
3 2497 2601 2972
3 1338 1307 2659
3 2856 2958 1163
1 1256
1 2746
3 1337 2732 207
3 952 1852 1327
3 1975 979 298
1 2040
1 1423
3 548 2719 2530
3 1488 347 481
3 1397 2115 2198
3 1183 559 2876
1 1307
3 471 649 2536
1 1964
3 2938 369 2484
3 796 2809 1457
1 105
3 1161 771 1793
3 790 762 509
3 1586 2450 1971
3 1886 555 1405
3 652 1343 2758
1 578
3 2973 1265 21
1 1083
3 45 382 2917
3 276 2139 547
1 1111
3 1368 1653 1750
1 777
1 2931
1 676
3 2099 142 680
1 1188
3 1119 199 2031
3 2240 467 2664
3 1495 1956 1582
3 2439 113 1156
3 1360 2605 1015
3 1212 714 668
1 2767
1 2794
3 1051 473 2192
3 1413 1769 542
1 1275
3 2553 2971 2762
3 2900 2941 1063
3 532 184 1218
3 1494 2426 2060
1 2594
3 1323 2654 2253
3 1263 2433 2688
3 1596 204 2356
3 2507 2470 2001
3 2106 2949 2833
1 64
3 927 134 2987
3 865 280 2785
1 2319
1 2378
1 1029
1 58
3 832 1801 1511
3 2761 1076 2820
1 2313
1 2976
1 2728
3 705 1603 2627
1 42
1 1240
1 581
1 2623
3 1999 800 482
1 1769
3 642 2792 815
3 2040 2737 1955
1 860
1 2470
3 2954 1719 203
1 1409
1 1242
1 2102
3 1802 2003 86
1 5
3 290 146 2440
3 1579 1470 2181
1 2123
3 1734 1331 354
1 2901
1 1804
3 1059 1599 2091
1 2240
1 1815
1 1785
1 1515
3 1590 1175 333
1 2383
3 783 530 41
3 2606 383 1108
3 1264 1986 2360
1 2019
1 18
1 978
3 2554 609 115
1 968
1 344
3 1507 272 2884
3 942 1634 2317
3 2591 593 960
3 1248 1320 1413
3 2435 2296 586
3 2170 1706 292
1 1918
1 318
3 1436 1840 728
1 347
3 901 1637 479
3 2900 258 789
3 1372 349 816
3 27 1423 2716
1 2106
3 2519 1942 662
3 2813 638 2237
1 1053
3 937 882 1608
1 788
1 2454
3 2189 5 1759
1 2743
3 525 1158 1876
1 801
3 1978 922 1838
1 2607
1 2798
1 1634
3 2781 704 591
3 221 1826 242
1 1048
3 987 2384 698
3 682 1150 1588
1 356
3 1502 1366 716
3 319 1134 688
1 2504
1 2132
3 2326 1319 1082
1 2238
3 1410 761 1587
1 2175
3 2046 1636 890
1 660
3 2250 14 664
3 1144 853 1228
3 1534 699 36
3 2746 2383 2017
3 1133 2409 68
3 1990 1262 35
1 1785
1 2123
3 115 2790 2461
3 2675 2325 997
1 524
1 2914
1 2563
1 2202
1 1200
3 1070 2924 1467
3 325 2033 1191
1 423
3 1944 2101 15
3 1144 1257 613
2 524 385
3 1563 2622 915
1 1613
3 1617 1427 399
1 488
3 2558 2804 707
1 1646
1 474
3 2473 2058 1537
1 873
3 2631 365 1627
1 2310
3 2760 929 964
1 2402
1 1386
3 412 2868 2129
3 301 1464 2684
3 1697 2205 1441
3 2336 1090 408
3 2191 2557 2710
3 804 286 2251
3 394 200 1945
3 2091 1256 2416
1 12
3 2340 753 76
1 344
3 2994 1646 2983
1 2253
1 1396
1 2202
1 387
3 2577 1912 797
1 1418
3 2917 2739 2888
3 783 2258 2619
1 2601
1 281
1 1987
1 2177
1 1571
3 2129 1900 2596
3 873 1979 2465
1 573
3 728 1222 2521
3 345 2964 1189
1 1877
1 1660
1 865
3 557 578 2435
1 1036
3 2481 2200 854
3 2440 2288 1724
3 617 1461 2184
1 2460
3 1991 732 2691
1 2122
1 2792
1 211
3 2613 588 634
1 2159
1 2285
3 274 289 538
1 2275
1 2715
1 476
3 2630 1575 2783
1 2979
3 2838 2597 337
3 877 545 2046
1 642
3 1485 840 2359
3 2350 2689 2280
1 1704
1 419
3 2831 2182 1373
3 1119 1153 245
3 1198 1060 1983
1 2732
3 1018 2821 1813
3 2454 1465 43
3 1359 2459 2057
1 1080
3 2571 373 2148
3 2376 2864 2232
1 1882
1 281
3 1585 2678 652
3 445 1834 250
1 1422
1 2281
1 1363
1 2905
1 1455
3 2619 450 168
3 2805 2168 950
3 1219 1967 1429
1 244
1 936
3 1737 2984 1029
1 2846
1 1278
1 2138
3 2906 1157 1059
1 930
3 691 323 2801
1 1354
3 2610 975 1580
1 2344
3 1909 2377 2549
1 2931
1 2959
3 626 2463 2794
3 1924 692 1302
1 2932
3 1401 2264 971
3 1596 314 310
1 1376
1 349
3 2923 1891 2225
3 499 205 2826
1 2200
3 837 1968 597
3 2319 2442 2424
3 1233 2446 687
1 1493
1 1111
3 1261 30 783
3 2975 2216 1233
3 561 443 1751
3 405 1899 2555
1 695
1 517
1 45
1 1931
1 1397
1 1853
3 193 2171 363
1 2810
3 1350 527 1555
3 862 2512 428
1 519
1 2742
3 100 1105 59
1 695
1 1531
3 2453 920 1235
3 2474 2267 2977
1 1314
3 939 425 1398
3 2566 1726 1857
1 489
3 1290 2550 2219
1 1410
3 1981 914 560
3 1893 1535 965
1 2387
1 2937
3 2662 1548 1290
1 1942
1 1241
3 328 2278 1520
3 2760 2992 2423
1 1363
3 2082 1149 2250
3 2066 2227 651
1 441
3 1735 1932 265
1 673
1 578
1 1457
1 1585
3 1798 2103 1383
3 1783 2991 1585
3 680 2602 2673
3 789 2323 2644
3 1857 79 1129
3 716 2373 989
3 2266 2167 2923
3 2095 2818 2376
3 1544 1468 2829
3 464 244 3001
1 1514
1 576
3 498 212 2212
3 2052 1873 64
1 543
3 1772 1286 1104
3 193 2718 416
3 1554 1356 1448
1 674
3 2581 129 2760
3 1332 2932 931
1 326
1 2268
3 1364 2087 2112
1 2341
3 2904 2845 2319
3 2722 1244 750
1 84
3 195 1499 1933
1 1248
1 1203
1 1571
1 2303
3 1077 2836 2586
3 2918 2840 811
1 200
3 2082 388 2211
1 1866
1 287
3 1529 932 2883
3 174 2570 2546
1 1314
3 2494 1662 1691
1 2602
1 1989
3 316 1001 1969
3 2351 1790 909
1 2412
3 2546 740 239
3 2974 2165 814
3 2366 1404 2010
3 2610 2363 2239
3 959 777 1763
1 1998
3 720 957 1773
1 649
3 1568 894 2634
3 701 1385 2125
1 1816
1 749
1 2555
3 2085 2837 1554
1 2488
1 503
1 1624
1 262
1 2771
3 500 1141 2059
1 1012
3 1898 12 2308
1 2131
3 482 2140 2445
1 1160
1 2601
3 2553 1573 1652
3 2977 2579 1239
3 2083 2947 1349
3 143 1489 2854
3 312 2621 1605
3 2873 2394 2973
3 2434 2147 879
3 345 2793 861
1 2061
1 1690
1 37
3 2753 571 1139
3 2825 1601 630
1 698
1 1916
3 2612 1850 67
1 1104
1 565
1 40
3 2899 223 1713
1 2888
3 2485 1701 1249
3 990 2020 2753
1 1259
1 2030
3 1625 1140 2437
1 1841
3 1793 1861 2044
1 382
3 2907 1407 500
1874
625
811
1971
2783
2867
2857
2092
141
335
1444
2752
315
1065
944
2637
2239
1487
1389
2549
2894
1027
2282
2419
2706
1299
1910
912
2044
2892
2032
1196
870
21
1179
768
1977
864
2224
1260
1058
310
47
750
229
1326
1810
370
2957
2817
1231
19
2871
2181
2022
1770
135
1972
2367
842
2578
2379
641
166
2381
1611
1584
1015
198
1867
623
2671
667
711
217
454
1677
2713
1228
577
866
2600
2516
1108
1273
890
1490
2329
1723
1369
1658
1511
1405
2130
1814
977
2847
992
988
1516
2359
2547
1063
2644
861
1778
2297
494
640
1365
1049
1177
2314
1213
48
2627
767
2500
2219
123
1676
2929
1963
2572
2995
17
2935
2851
880
2024
2498
616
735
2487
25
2642
1285
1069
1298
1014
2226
928
1724
2567
351
1715
448
2688
1334
2235
1751
2208
620
1836
2513
2233
976
1184
1709
2585
2543
627
2390
745
379
2037
2919
2755
1659
2763
948
2942
1776
1431
1291
2154
549
65
2269
599
668
114
94
1023
2062
2493
41
1825
2178
1559
2431
1412
1828
93
341
688
2990
806
2860
689
78
2823
83
812
1091
2055
2292
2724
435
1746
1925
1786
2528
592
1089
354
1908
2819
1669
1484
2348
1741
2133
852
2173
1773
149
1823
68
1109
1406
814
2720
1928
2596
2961
236
1722
2815
2315
2445
2026
428
4
808
949
2620
171
1088
249
2545
2312
748
999
2399
2690
343
2684
983
2064
1951
876
621
947
2586
2922
1206
295
103
552
2877
2844
118
2109
2501
1651
883
2686
915
109
305
2762
2295
671
781
2223
2729
1791
2518
752
1159
2324
51
933
1820
1678
2075
2925
2826
1970
2484
1224
2615
484
681
892
827
2225
2505
2259
492
1428
1451
1740
2184
124
1643
2499
553
989
958
2530
1598
1211
283
364
511
707
1390
971
727
372
2741
1661
1002
2834
237
1394
1803
285
1039
504
1797
1673
187
1614
2031
1764
2909
2270
2148
963
2514
1876
20
265
101
242
2284
2483
2874
630
1757
1749
35
449
1448
1750
1632
470
381
2034
273
1713
2237
1010
170
510
1976
1843
363
2172
1274
2916
71
1505
1393
2337
3000
964
1962
950
1358
847
2648
49
1940
157
1533
6
1034
191
1392
1993
260
2398
333
1169
296
1295
687
1456
1078
730
2289
554
1937
2632
2478
2830
1205
941
1294
1073
1631
1129
433
81
1768
1609
1466
1327
1953
658
2331
261
770
1100
1811
2211
664
2883
2953
786
116
1927
278
2583
1220
399
2427
907
437
408
1071
574
393
2000
1622
1607
1608
1541
1284
2791
2192
1094
15
1889
1329
1674
75
647
1375
1191
607
618
2251
1146
898
352
515
371
1229
309
874
2025
1082
1270
585
1047
410
1395
526
1315
2060
2094
1627
2787
2936
1684
0 0
