794 93
1 639
1 116
1 171
1 260
3 315 149 291
3 114 510 214
3 116 83 114
3 730 50 229
3 580 97 715
3 325 297 37
3 745 161 303
3 173 158 476
3 200 70 278
3 368 250 308
3 736 371 478
3 544 447 388
3 359 365 642
1 645
3 581 62 60
3 498 106 227
1 455
3 723 540 698
3 275 36 531
1 341
1 654
3 563 607 776
3 178 518 786
1 620
1 636
3 171 350 491
3 748 432 433
3 791 151 659
3 49 696 525
3 367 589 338
1 715
1 23
3 10 466 322
3 206 418 317
3 475 496 487
1 58
1 785
3 198 67 668
1 241
3 389 406 484
1 338
1 649
1 336
1 121
3 759 249 33
1 8
1 317
1 388
1 214
3 701 184 545
3 456 507 504
1 339
1 544
3 735 40 728
1 111
3 19 708 74
1 364
1 19
1 634
3 98 109 736
1 547
3 75 424 216
1 42
1 776
1 525
1 13
1 283
1 259
3 339 445 660
3 60 287 625
3 169 500 66
1 748
3 191 176 368
3 279 197 324
3 254 402 655
3 752 618 567
3 332 681 501
3 729 244 472
1 7
1 201
1 233
1 704
3 783 363 774
1 322
1 700
3 538 108 370
1 519
3 478 643 762
1 404
3 721 513 175
3 168 164 631
3 561 107 212
1 9
3 666 118 64
1 120
3 384 629 373
1 377
1 127
1 247
3 608 218 575
1 132
1 20
1 96
1 90
1 64
3 241 451 744
3 612 59 284
1 615
1 666
3 7 626 6
1 294
3 252 2 7
1 702
1 98
1 472
3 664 99 488
3 130 48 235
3 532 601 312
1 170
3 644 471 189
1 323
1 753
3 369 102 236
1 579
3 548 711 429
3 621 213 121
1 332
3 233 105 694
3 201 624 603
3 577 720 193
1 783
3 692 742 753
3 324 505 259
3 694 756 439
3 307 493 565
3 530 503 342
1 335
3 329 760 486
1 606
3 465 562 686
1 655
3 484 309 302
1 567
3 194 599 580
1 5
3 302 557 395
1 32
1 484
1 463
3 734 712 335
3 450 477 606
3 654 628 376
1 721
1 12
1 395
3 209 215 183
1 11
1 777
3 293 348 691
1 95
3 395 788 634
1 660
3 441 192 608
3 362 769 95
3 322 330 75
3 360 123 717
3 576 3 30
3 649 372 749
3 555 358 12
1 698
3 94 375 494
1 77
1 257
3 552 725 27
1 325
1 400
3 572 687 211
1 497
3 160 438 587
1 54
1 580
1 205
1 411
1 793
3 124 652 723
1 427
3 639 347 77
1 167
3 134 298 357
3 227 675 148
1 337
1 555
1 78
3 472 582 42
3 440 234 254
3 463 726 13
3 739 84 133
3 656 782 569
3 740 479 490
3 357 549 568
3 411 186 555
3 423 583 38
3 455 551 775
3 707 428 783
3 636 394 160
1 627
3 181 492 304
3 96 295 793
1 130
3 6 53 617
1 160
3 66 265 271
1 342
1 104
3 558 778 713
1 690
3 439 454 530
1 357
3 370 230 426
3 640 714 745
1 232
1 585
3 20 594 194
1 403
3 8 340 648
1 223
3 613 355 731
3 746 225 339
3 336 85 132
1 199
3 121 386 784
3 127 286 334
3 722 578 411
1 548
3 361 276 777
1 515
3 753 43 110
3 535 541 636
1 446
1 82
1 774
3 620 536 718
3 567 103 252
1 369
1 49
1 14
3 575 385 467
3 247 397 116
3 321 623 346
3 199 695 79
3 662 420 369
1 278
3 268 177 701
3 568 697 552
3 137 72 702
3 699 4 604
1 730
1 613
1 307
1 699
1 216
1 786
1 676
3 593 460 257
1 659
1 717
3 216 318 547
1 603
1 558
1 609
3 792 483 23
1 239
1 389
3 13 256 666
3 566 387 78
3 604 469 475
3 686 684 579
1 485
3 702 71 380
3 111 781 761
1 545
1 236
1 74
3 299 602 664
1 718
3 485 419 523
3 5 319 752
1 439
3 713 706 163
3 661 115 399
1 212
1 476
1 10
1 193
3 323 537 288
1 380
1 441
3 146 310 150
3 11 689 325
3 211 305 661
1 304
3 648 506 656
3 497 263 139
3 14 635 534
1 146
1 302
1 550
1 122
1 617
1 598
3 673 529 5
1 532
3 38 51 337
1 271
1 291
1 614
3 700 571 253
3 37 88 169
3 487 125 299
3 78 546 137
3 303 179 10
1 569
1 572
1 621
3 334 764 142
1 169
1 577
3 490 131 81
1 440
3 236 750 329
3 154 141 670
3 761 47 233
3 317 195 734
3 34 45 524
3 232 56 73
1 229
3 634 24 349
3 140 217 561
1 514
1 740
1 625
3 253 584 566
1 191
1 163
3 341 553 640
1 30
1 575
3 715 709 572
3 448 462 441
3 523 383 705
1 231
1 504
3 193 222 204
1 173
3 617 416 17
3 539 737 170
3 775 685 239
3 754 683 168
1 87
3 457 61 389
1 17
1 739
3 547 637 34
3 77 650 14
3 255 248 127
3 90 502 223
1 15
1 172
3 100 680 730
1 792
1 175
3 156 452 739
3 592 101 440
1 612
1 639
3 283 300 400
1 396
1 486
1 354
3 690 430 100
1 251
1 235
1 279
3 16 52 519
3 364 277 44
1 738
1 433
1 734
1 488
1 209
3 150 159 165
3 614 381 692
1 252
1 576
3 294 401 772
3 380 180 456
1 399
1 79
3 691 228 627
3 790 93 577
1 670
1 44
1 790
1 729
3 603 669 735
1 728
3 237 187 205
1 481
1 475
1 573
1 631
1 359
3 772 770 649
1 38
1 290
1 255
3 655 638 645
3 481 787 722
3 606 653 206
1 66
1 761
3 223 758 732
3 591 190 554
1 208
3 129 570 595
1 384
1 543
1 31
3 31 391 654
1 591
1 672
1 762
1 564
1 183
3 138 292 221
3 377 333 199
3 353 301 167
1 692
1 542
1 784
1 73
3 554 243 511
1 16
3 625 773 353
1 501
3 525 516 155
1 110
1 376
1 511
1 221
3 565 21 207
3 400 610 55
3 494 674 364
1 552
1 498
1 268
1 731
1 353
3 642 153 200
1 640
3 531 671 144
1 37
3 251 474 497
1 523
1 280
1 772
1 124
3 82 119 198
3 728 597 517
1 467
3 280 413 39
3 12 296 672
1 155
3 15 619 92
1 203
1 490
3 512 412 422
1 691
1 275
3 44 152 146
3 545 282 290
3 142 382 707
3 39 789 323
3 120 393 544
1 775
3 203 480 332
3 30 600 700
1 211
1 139
3 175 751 457
1 752
1 39
3 467 182 307
3 717 459 20
1 534
1 75
3 81 449 535
1 370
1 140
3 55 356 558
1 137
1 306
1 55
1 648
1 539
1 6
3 446 453 740
3 585 771 481
1 94
3 668 343 738
3 611 240 792
1 450
3 473 688 611
1 27
3 388 91 564
1 701
1 656
3 732 630 576
3 290 468 354
3 338 632 791
3 33 69 450
1 530
1 723
1 581
1 315
3 221 526 140
3 23 767 465
3 631 316 122
1 587
3 308 499 612
3 501 574 242
1 246
1 299
3 590 641 90
3 573 509 360
1 22
1 242
3 598 443 548
3 569 431 614
3 488 57 16
3 54 285 485
1 324
3 271 65 367
3 542 238 129
1 204
3 627 311 690
1 207
3 258 458 178
1 349
3 427 716 446
3 205 196 173
1 608
1 150
3 504 273 219
1 713
1 592
3 342 677 96
1 144
3 564 719 26
3 519 437 563
3 139 678 455
3 346 663 279
3 80 147 247
3 204 765 258
3 202 326 543
1 429
1 321
3 352 327 181
3 704 414 539
1 535
3 104 351 251
3 522 398 171
3 404 331 134
1 237
3 281 128 704
3 148 185 9
3 793 528 19
1 198
1 206
1 346
3 595 226 512
1 664
3 183 533 721
1 749
1 34
3 659 724 538
3 670 434 427
3 609 560 377
3 731 658 268
1 227
3 429 665 585
1 745
1 473
3 766 314 542
1 148
1 491
1 122
1 288
3 133 272 409
3 260 747 280
1 611
3 155 143 423
1 26
3 167 556 104
3 785 274 592
1 456
3 517 605 515
3 534 378 111
3 676 262 231
3 543 320 396
3 660 112 644
1 647
3 214 313 359
1 80
1 478
3 705 28 246
3 645 328 130
1 673
1 253
1 133
3 74 345 448
1 114
3 403 210 550
1 156
1 100
1 522
3 95 415 532
1 524
1 759
3 165 63 341
1 308
3 242 29 209
1 367
1 421
3 1 379 191
3 349 464 224
1 538
3 17 741 463
1 92
3 615 794 124
3 421 18 621
1 707
3 774 616 785
3 229 508 306
3 417 46 172
1 368
1 746
1 189
1 423
3 433 25 156
3 79 145 421
3 306 521 202
1 661
1 593
3 32 269 590
3 73 166 615
3 304 657 294
3 777 755 255
1 566
3 288 586 120
1 595
3 278 113 98
3 672 780 729
3 42 679 514
1 409
3 335 405 591
1 465
3 476 435 667
3 744 622 315
1 457
1 194
3 738 267 613
1 561
1 565
1 668
1 373
1 81
1 722
1 362
1 281
1 361
3 144 768 281
1 181
1 517
1 303
3 550 220 384
3 163 482 403
3 396 442 136
1 735
3 132 763 138
1 254
1 33
1 258
3 22 174 766
3 762 264 260
3 491 89 321
3 257 520 54
3 259 117 283
1 732
3 579 86 573
3 354 733 620
1 293
3 486 646 208
1 60
1 352
1 754
1 129
1 154
3 219 559 293
1 224
3 9 35 352
1 554
3 170 270 498
3 246 289 790
1 563
1 134
3 587 157 94
3 422 682 237
3 189 527 22
1 590
1 178
1 200
1 736
3 58 410 473
3 667 408 82
3 373 261 8
3 231 461 593
3 426 703 522
1 705
3 337 392 154
3 409 693 58
3 64 727 15
1 360
3 514 390 676
3 376 366 201
3 511 344 203
1 642
1 136
1 766
3 110 779 673
3 224 596 11
3 776 651 232
1 604
3 784 76 31
3 172 588 759
1 334
1 494
3 291 495 80
3 136 126 241
3 786 710 362
1 662
1 138
1 791
1 426
3 749 633 49
1 142
3 284 425 336
3 92 436 699
1 694
1 329
1 568
3 698 743 598
1 531
1 686
1 168
1 417
1 512
3 399 470 417
1 448
3 87 245 647
3 207 489 361
3 26 68 746
3 239 162 662
1 219
1 744
1 667
1 284
1 202
3 208 135 87
3 235 444 748
3 647 41 609
3 27 266 754
1 422
1 165
1 487
3 718 407 404
3 524 757 32
3 515 374 275
3 212 188 581
1 644
414
770
682
355
269
425
263
286
780
228
71
756
41
684
343
685
434
509
186
185
436
218
468
48
773
289
508
419
674
747
408
458
310
85
316
371
633
344
222
424
492
470
298
758
742
578
794
571
358
53
643
72
675
350
665
386
771
599
726
45
379
36
708
63
356
405
483
230
764
382
444
583
533
651
333
184
619
135
689
637
215
588
161
678
528
516
159
188
570
696
765
767
778
0 0
