5904571409903157903
5904571409903157904
5904571409903157906
5904571409903157907
5904571409903157912
5904571409903157913
5904571409903157915
5904571409903157916
5904571409903157930
5904571409903157931
5904571409903157933
5904571409903157934
5904571409903157939
5904571409903157940
5904571409903157942
5904571409903157943
5904571409903157984
5904571409903157985
5904571409903157987
5904571409903157988
5904571409903157993
5904571409903157994
5904571409903157996
5904571409903157997
5904571409903158011
5904571409903158012
5904571409903158014
5904571409903158015
5904571409903158020
5904571409903158021
5904571409903158023
5904571409903158024
5904571409903158146
5904571409903158147
5904571409903158149
5904571409903158150
5904571409903158155
5904571409903158156
5904571409903158158
5904571409903158159
5904571409903158173
5904571409903158174
5904571409903158176
5904571409903158177
5904571409903158182
5904571409903158183
5904571409903158185
5904571409903158186
5904571409903158227
5904571409903158228
5904571409903158230
5904571409903158231
5904571409903158236
5904571409903158237
5904571409903158239
5904571409903158240
5904571409903158254
5904571409903158255
5904571409903158257
5904571409903158258
5904571409903158263
5904571409903158264
5904571409903158266
5904571409903158267
5904571409903158632
5904571409903158633
5904571409903158635
5904571409903158636
5904571409903158641
5904571409903158642
5904571409903158644
5904571409903158645
5904571409903158659
5904571409903158660
5904571409903158662
5904571409903158663
5904571409903158668
5904571409903158669
5904571409903158671
5904571409903158672
5904571409903158713
5904571409903158714
5904571409903158716
5904571409903158717
5904571409903158722
5904571409903158723
5904571409903158725
5904571409903158726
5904571409903158740
5904571409903158741
5904571409903158743
5904571409903158744
5904571409903158749
5904571409903158750
5904571409903158752
5904571409903158753
5904571409903158875
5904571409903158876
5904571409903158878
5904571409903158879
